30
0 0 0
1 0 0
2 0 0
3 0 0
4 1 0
5 0 0
6 1 0
7 0 0
8 0 0
9 0 0
10 0 0
11 0 0
12 0 0
13 1 0
14 0 0
15 0 0
16 0 0
17 1 0
18 0 0
19 0 0
20 0 0
21 0 0
22 1 0
23 0 0
24 0 0
25 1 0
26 0 0
27 0 0
28 0 0
29 0 0
0 1 6
0 2 5
0 3 5
0 4 2
0 5 3
0 6 4
0 7 5
0 8 5
0 9 4
0 10 4
0 11 5
0 12 4
0 13 5
0 14 3
0 15 5
0 16 4
0 17 5
0 18 4
0 19 8
0 20 4
0 21 3
0 22 4
0 23 5
0 24 4
0 25 5
0 26 5
0 27 5
0 28 5
0 29 5
1 2 5
1 3 3
1 4 4
1 5 5
1 6 5
1 7 7
1 8 5
1 9 6
1 10 5
1 11 4
1 12 6
1 13 6
1 14 5
1 15 5
1 16 5
1 17 4
1 18 3
1 19 5
1 20 5
1 21 4
1 22 4
1 23 4
1 24 6
1 25 6
1 26 6
1 27 5
1 28 5
1 29 4
2 3 4
2 4 6
2 5 4
2 6 6
2 7 6
2 8 5
2 9 3
2 10 4
2 11 2
2 12 6
2 13 6
2 14 3
2 15 4
2 16 5
2 17 5
2 18 5
2 19 4
2 20 3
2 21 4
2 22 1
2 23 7
2 24 5
2 25 2
2 26 4
2 27 4
2 28 4
2 29 4
3 4 5
3 5 5
3 6 6
3 7 4
3 8 6
3 9 5
3 10 4
3 11 4
3 12 7
3 13 5
3 14 3
3 15 3
3 16 4
3 17 5
3 18 7
3 19 4
3 20 4
3 21 4
3 22 2
3 23 4
3 24 4
3 25 4
3 26 4
3 27 4
3 28 6
3 29 4
4 5 4
4 6 5
4 7 5
4 8 3
4 9 5
4 10 5
4 11 2
4 12 5
4 13 4
4 14 3
4 15 4
4 16 7
4 17 5
4 18 5
4 19 4
4 20 7
4 21 4
4 22 4
4 23 6
4 24 4
4 25 4
4 26 5
4 27 7
4 28 3
4 29 5
5 6 6
5 7 7
5 8 4
5 9 4
5 10 4
5 11 4
5 12 5
5 13 4
5 14 5
5 15 5
5 16 6
5 17 5
5 18 4
5 19 2
5 20 5
5 21 4
5 22 5
5 23 6
5 24 8
5 25 2
5 26 3
5 27 5
5 28 3
5 29 4
6 7 6
6 8 7
6 9 3
6 10 5
6 11 4
6 12 5
6 13 3
6 14 5
6 15 5
6 16 4
6 17 6
6 18 2
6 19 4
6 20 6
6 21 6
6 22 4
6 23 5
6 24 3
6 25 5
6 26 6
6 27 3
6 28 5
6 29 5
7 8 3
7 9 4
7 10 4
7 11 3
7 12 4
7 13 3
7 14 6
7 15 4
7 16 4
7 17 4
7 18 6
7 19 4
7 20 3
7 21 6
7 22 4
7 23 5
7 24 6
7 25 5
7 26 4
7 27 5
7 28 6
7 29 4
8 9 3
8 10 3
8 11 6
8 12 6
8 13 4
8 14 2
8 15 3
8 16 4
8 17 5
8 18 5
8 19 4
8 20 5
8 21 3
8 22 5
8 23 4
8 24 5
8 25 3
8 26 4
8 27 5
8 28 4
8 29 4
9 10 5
9 11 4
9 12 5
9 13 7
9 14 4
9 15 3
9 16 4
9 17 4
9 18 5
9 19 5
9 20 6
9 21 5
9 22 4
9 23 4
9 24 5
9 25 6
9 26 3
9 27 5
9 28 4
9 29 4
10 11 3
10 12 5
10 13 6
10 14 6
10 15 3
10 16 4
10 17 5
10 18 2
10 19 3
10 20 5
10 21 4
10 22 4
10 23 5
10 24 5
10 25 5
10 26 1
10 27 4
10 28 5
10 29 6
11 12 2
11 13 5
11 14 4
11 15 4
11 16 4
11 17 6
11 18 5
11 19 5
11 20 3
11 21 5
11 22 4
11 23 5
11 24 5
11 25 6
11 26 4
11 27 5
11 28 6
11 29 6
12 13 3
12 14 4
12 15 3
12 16 5
12 17 3
12 18 4
12 19 5
12 20 4
12 21 4
12 22 6
12 23 6
12 24 5
12 25 6
12 26 3
12 27 3
12 28 5
12 29 4
13 14 3
13 15 6
13 16 3
13 17 4
13 18 5
13 19 4
13 20 5
13 21 6
13 22 6
13 23 3
13 24 3
13 25 4
13 26 4
13 27 2
13 28 7
13 29 5
14 15 5
14 16 4
14 17 6
14 18 5
14 19 3
14 20 5
14 21 4
14 22 4
14 23 4
14 24 6
14 25 5
14 26 6
14 27 6
14 28 5
14 29 6
15 16 4
15 17 5
15 18 7
15 19 5
15 20 4
15 21 5
15 22 6
15 23 7
15 24 5
15 25 4
15 26 6
15 27 5
15 28 4
15 29 4
16 17 5
16 18 6
16 19 4
16 20 4
16 21 4
16 22 6
16 23 4
16 24 3
16 25 5
16 26 5
16 27 6
16 28 5
16 29 5
17 18 4
17 19 4
17 20 4
17 21 5
17 22 3
17 23 5
17 24 6
17 25 4
17 26 6
17 27 6
17 28 7
17 29 4
18 19 6
18 20 4
18 21 2
18 22 4
18 23 5
18 24 3
18 25 4
18 26 7
18 27 5
18 28 4
18 29 4
19 20 5
19 21 4
19 22 5
19 23 6
19 24 3
19 25 5
19 26 3
19 27 4
19 28 7
19 29 4
20 21 8
20 22 4
20 23 5
20 24 4
20 25 4
20 26 5
20 27 5
20 28 3
20 29 5
21 22 4
21 23 3
21 24 5
21 25 4
21 26 5
21 27 8
21 28 3
21 29 5
22 23 4
22 24 4
22 25 6
22 26 4
22 27 3
22 28 5
22 29 3
23 24 5
23 25 4
23 26 3
23 27 5
23 28 6
23 29 7
24 25 6
24 26 5
24 27 5
24 28 3
24 29 5
25 26 5
25 27 5
25 28 5
25 29 5
26 27 5
26 28 4
26 29 3
27 28 6
27 29 4
28 29 4
0 0 0
2 13 57 140 137 65 17 4 0 0 : 4.563218
n = 30, ave = 5.00, std = 1.00
