126
1 0 0
2 1 0
3 0 0
4 1 0
5 0 0
6 0 0
7 1 0
8 0 0
9 1 0
10 0 0
11 1 0
12 1 0
13 1 0
14 0 0
15 1 0
16 0 0
17 0 0
18 0 0
19 1 0
20 1 0
21 0 0
22 0 0
23 0 0
24 0 0
25 0 0
26 1 0
27 1 0
28 0 0
29 0 0
30 1 0
31 0 0
32 1 0
33 0 0
34 0 0
35 1 0
36 0 0
37 0 0
38 0 0
39 0 0
40 0 0
41 0 0
42 0 0
43 1 0
44 0 0
45 0 0
46 0 0
47 1 0
48 0 0
49 1 0
50 0 0
51 1 0
52 0 0
53 0 0
54 1 0
55 0 0
56 0 0
57 1 0
58 0 0
59 0 0
60 0 0
61 0 0
62 0 0
63 0 0
64 0 0
65 0 0
66 0 0
67 0 0
68 0 0
69 1 0
70 0 0
71 0 0
72 0 0
73 0 0
74 0 0
75 0 0
76 1 0
77 1 0
78 0 0
79 0 0
80 1 0
81 0 0
82 0 0
83 0 0
84 0 0
85 1 0
86 0 0
87 0 0
88 0 0
89 0 0
90 0 0
91 0 0
92 0 0
93 0 0
94 1 0
95 0 0
96 0 0
97 1 0
98 0 0
99 1 0
100 0 0
101 1 0
102 0 0
103 0 0
104 0 0
105 0 0
106 0 0
107 0 0
108 1 0
109 0 0
110 0 0
111 0 0
112 0 1
113 0 1
114 0 1
115 0 1
116 0 1
117 0 1
118 0 1
119 0 1
120 1 1
121 0 1
122 0 1
123 0 1
124 0 1
125 1 1
126 1 1
0 1 6
0 2 7
0 3 6
0 4 6
0 5 6
0 6 4
0 7 6
0 8 4
0 9 6
0 10 7
0 11 6
0 12 7
0 13 2
0 14 5
0 15 6
0 16 6
0 17 6
0 18 6
0 19 4
0 20 5
0 21 2
0 22 6
0 23 2
0 24 4
0 25 6
0 26 2
0 27 6
0 28 6
0 29 6
0 30 8
0 31 4
0 32 6
0 33 8
0 34 6
0 35 5
0 36 5
0 37 6
0 38 6
0 39 6
0 40 3
0 41 6
0 42 6
0 43 6
0 44 6
0 45 4
0 46 7
0 47 2
0 48 7
0 49 6
0 50 2
0 51 6
0 52 6
0 53 6
0 54 5
0 55 5
0 56 5
0 57 5
0 58 6
0 59 2
0 60 3
0 61 1
0 62 6
0 63 6
0 64 6
0 65 5
0 66 8
0 67 6
0 68 4
0 69 5
0 70 3
0 71 2
0 72 1
0 73 6
0 74 3
0 75 6
0 76 6
0 77 6
0 78 7
0 79 6
0 80 6
0 81 7
0 82 6
0 83 6
0 84 6
0 85 2
0 86 2
0 87 4
0 88 6
0 89 5
0 90 2
0 91 6
0 92 4
0 93 6
0 94 5
0 95 2
0 96 6
0 97 6
0 98 2
0 99 2
0 100 6
0 101 2
0 102 6
0 103 2
0 104 4
0 105 4
0 106 5
0 107 6
0 108 4
0 109 6
0 110 4
0 111 5
0 112 4
0 113 6
0 114 6
0 115 6
0 116 7
0 117 6
0 118 6
0 119 5
0 120 6
0 121 7
0 122 5
0 123 6
0 124 6
0 125 6
1 2 6
1 3 4
1 4 4
1 5 6
1 6 2
1 7 6
1 8 8
1 9 6
1 10 6
1 11 8
1 12 8
1 13 2
1 14 3
1 15 5
1 16 4
1 17 1
1 18 10
1 19 8
1 20 7
1 21 2
1 22 6
1 23 7
1 24 2
1 25 5
1 26 2
1 27 9
1 28 6
1 29 9
1 30 6
1 31 10
1 32 5
1 33 6
1 34 8
1 35 2
1 36 2
1 37 1
1 38 2
1 39 6
1 40 4
1 41 7
1 42 4
1 43 9
1 44 2
1 45 4
1 46 8
1 47 8
1 48 9
1 49 2
1 50 8
1 51 7
1 52 5
1 53 4
1 54 4
1 55 3
1 56 8
1 57 6
1 58 3
1 59 2
1 60 6
1 61 6
1 62 10
1 63 4
1 64 5
1 65 2
1 66 7
1 67 6
1 68 5
1 69 6
1 70 10
1 71 6
1 72 4
1 73 7
1 74 4
1 75 8
1 76 4
1 77 4
1 78 4
1 79 10
1 80 4
1 81 2
1 82 2
1 83 4
1 84 4
1 85 6
1 86 6
1 87 8
1 88 6
1 89 6
1 90 4
1 91 1
1 92 4
1 93 6
1 94 2
1 95 8
1 96 1
1 97 10
1 98 4
1 99 4
1 100 2
1 101 2
1 102 6
1 103 7
1 104 3
1 105 8
1 106 8
1 107 6
1 108 8
1 109 1
1 110 6
1 111 5
1 112 8
1 113 6
1 114 7
1 115 6
1 116 7
1 117 6
1 118 6
1 119 6
1 120 7
1 121 5
1 122 8
1 123 6
1 124 6
1 125 6
2 3 7
2 4 2
2 5 2
2 6 4
2 7 6
2 8 4
2 9 4
2 10 6
2 11 6
2 12 5
2 13 6
2 14 4
2 15 6
2 16 6
2 17 4
2 18 6
2 19 6
2 20 5
2 21 2
2 22 6
2 23 6
2 24 4
2 25 6
2 26 2
2 27 7
2 28 6
2 29 6
2 30 8
2 31 6
2 32 2
2 33 8
2 34 6
2 35 9
2 36 4
2 37 2
2 38 7
2 39 6
2 40 6
2 41 6
2 42 4
2 43 6
2 44 6
2 45 4
2 46 6
2 47 3
2 48 4
2 49 5
2 50 6
2 51 6
2 52 6
2 53 4
2 54 3
2 55 6
2 56 6
2 57 7
2 58 6
2 59 1
2 60 4
2 61 6
2 62 4
2 63 6
2 64 6
2 65 4
2 66 6
2 67 6
2 68 2
2 69 4
2 70 4
2 71 6
2 72 4
2 73 5
2 74 4
2 75 7
2 76 6
2 77 6
2 78 6
2 79 6
2 80 6
2 81 6
2 82 6
2 83 6
2 84 4
2 85 7
2 86 6
2 87 6
2 88 4
2 89 5
2 90 6
2 91 6
2 92 6
2 93 6
2 94 6
2 95 2
2 96 6
2 97 6
2 98 2
2 99 6
2 100 5
2 101 6
2 102 6
2 103 2
2 104 6
2 105 6
2 106 6
2 107 7
2 108 7
2 109 6
2 110 9
2 111 2
2 112 4
2 113 6
2 114 5
2 115 7
2 116 6
2 117 6
2 118 6
2 119 6
2 120 6
2 121 6
2 122 6
2 123 6
2 124 6
2 125 6
3 4 8
3 5 2
3 6 5
3 7 6
3 8 3
3 9 6
3 10 5
3 11 6
3 12 3
3 13 2
3 14 2
3 15 6
3 16 4
3 17 8
3 18 6
3 19 2
3 20 5
3 21 2
3 22 6
3 23 2
3 24 2
3 25 6
3 26 3
3 27 6
3 28 6
3 29 8
3 30 6
3 31 6
3 32 2
3 33 5
3 34 6
3 35 5
3 36 4
3 37 1
3 38 2
3 39 6
3 40 7
3 41 7
3 42 4
3 43 6
3 44 1
3 45 6
3 46 2
3 47 2
3 48 10
3 49 3
3 50 7
3 51 6
3 52 6
3 53 4
3 54 2
3 55 4
3 56 6
3 57 6
3 58 7
3 59 2
3 60 4
3 61 3
3 62 6
3 63 7
3 64 6
3 65 5
3 66 6
3 67 6
3 68 6
3 69 7
3 70 6
3 71 2
3 72 6
3 73 6
3 74 7
3 75 8
3 76 4
3 77 2
3 78 5
3 79 4
3 80 6
3 81 6
3 82 7
3 83 2
3 84 6
3 85 5
3 86 6
3 87 2
3 88 2
3 89 6
3 90 6
3 91 8
3 92 4
3 93 4
3 94 2
3 95 1
3 96 6
3 97 6
3 98 2
3 99 6
3 100 6
3 101 3
3 102 6
3 103 2
3 104 8
3 105 3
3 106 7
3 107 1
3 108 6
3 109 6
3 110 3
3 111 7
3 112 4
3 113 6
3 114 6
3 115 6
3 116 6
3 117 6
3 118 6
3 119 7
3 120 6
3 121 6
3 122 7
3 123 6
3 124 6
3 125 7
4 5 3
4 6 3
4 7 6
4 8 4
4 9 4
4 10 6
4 11 6
4 12 4
4 13 1
4 14 2
4 15 3
4 16 3
4 17 2
4 18 4
4 19 2
4 20 6
4 21 1
4 22 7
4 23 6
4 24 2
4 25 2
4 26 2
4 27 1
4 28 2
4 29 6
4 30 6
4 31 2
4 32 2
4 33 2
4 34 4
4 35 2
4 36 2
4 37 2
4 38 2
4 39 5
4 40 6
4 41 4
4 42 3
4 43 5
4 44 2
4 45 3
4 46 3
4 47 10
4 48 3
4 49 5
4 50 4
4 51 6
4 52 6
4 53 4
4 54 2
4 55 2
4 56 6
4 57 2
4 58 2
4 59 1
4 60 2
4 61 1
4 62 2
4 63 4
4 64 2
4 65 5
4 66 6
4 67 6
4 68 2
4 69 2
4 70 4
4 71 2
4 72 4
4 73 6
4 74 2
4 75 2
4 76 6
4 77 2
4 78 3
4 79 2
4 80 4
4 81 6
4 82 2
4 83 1
4 84 4
4 85 2
4 86 8
4 87 2
4 88 2
4 89 8
4 90 2
4 91 2
4 92 5
4 93 6
4 94 4
4 95 2
4 96 3
4 97 5
4 98 4
4 99 5
4 100 8
4 101 2
4 102 6
4 103 2
4 104 2
4 105 8
4 106 8
4 107 6
4 108 2
4 109 7
4 110 8
4 111 2
4 112 4
4 113 7
4 114 5
4 115 6
4 116 6
4 117 6
4 118 6
4 119 6
4 120 6
4 121 6
4 122 6
4 123 6
4 124 6
4 125 7
5 6 6
5 7 2
5 8 6
5 9 6
5 10 6
5 11 5
5 12 6
5 13 1
5 14 8
5 15 6
5 16 8
5 17 6
5 18 1
5 19 3
5 20 7
5 21 2
5 22 6
5 23 2
5 24 6
5 25 8
5 26 7
5 27 6
5 28 6
5 29 6
5 30 7
5 31 8
5 32 6
5 33 2
5 34 6
5 35 6
5 36 4
5 37 2
5 38 2
5 39 2
5 40 6
5 41 6
5 42 6
5 43 6
5 44 3
5 45 6
5 46 6
5 47 3
5 48 4
5 49 4
5 50 5
5 51 6
5 52 6
5 53 4
5 54 8
5 55 6
5 56 6
5 57 3
5 58 2
5 59 6
5 60 2
5 61 2
5 62 6
5 63 7
5 64 6
5 65 4
5 66 6
5 67 6
5 68 2
5 69 10
5 70 8
5 71 6
5 72 6
5 73 8
5 74 4
5 75 6
5 76 6
5 77 6
5 78 2
5 79 6
5 80 4
5 81 3
5 82 6
5 83 10
5 84 6
5 85 5
5 86 6
5 87 8
5 88 4
5 89 5
5 90 3
5 91 6
5 92 6
5 93 6
5 94 4
5 95 8
5 96 2
5 97 8
5 98 6
5 99 6
5 100 8
5 101 2
5 102 6
5 103 10
5 104 5
5 105 5
5 106 9
5 107 4
5 108 7
5 109 6
5 110 5
5 111 6
5 112 6
5 113 6
5 114 6
5 115 6
5 116 6
5 117 6
5 118 6
5 119 6
5 120 6
5 121 6
5 122 6
5 123 6
5 124 6
5 125 6
6 7 4
6 8 8
6 9 4
6 10 2
6 11 2
6 12 2
6 13 2
6 14 2
6 15 3
6 16 3
6 17 5
6 18 4
6 19 7
6 20 2
6 21 3
6 22 4
6 23 4
6 24 8
6 25 4
6 26 2
6 27 2
6 28 2
6 29 4
6 30 2
6 31 2
6 32 4
6 33 7
6 34 4
6 35 2
6 36 4
6 37 4
6 38 8
6 39 3
6 40 2
6 41 7
6 42 2
6 43 10
6 44 4
6 45 3
6 46 6
6 47 4
6 48 4
6 49 2
6 50 2
6 51 8
6 52 3
6 53 2
6 54 7
6 55 4
6 56 6
6 57 2
6 58 2
6 59 2
6 60 3
6 61 5
6 62 2
6 63 4
6 64 6
6 65 3
6 66 4
6 67 2
6 68 2
6 69 6
6 70 10
6 71 3
6 72 4
6 73 2
6 74 2
6 75 4
6 76 2
6 77 2
6 78 4
6 79 2
6 80 4
6 81 4
6 82 4
6 83 4
6 84 2
6 85 4
6 86 4
6 87 2
6 88 10
6 89 9
6 90 4
6 91 2
6 92 2
6 93 2
6 94 3
6 95 2
6 96 4
6 97 10
6 98 2
6 99 4
6 100 2
6 101 8
6 102 2
6 103 2
6 104 4
6 105 8
6 106 8
6 107 8
6 108 4
6 109 9
6 110 4
6 111 6
6 112 2
6 113 9
6 114 4
6 115 4
6 116 5
6 117 2
6 118 9
6 119 4
6 120 4
6 121 6
6 122 4
6 123 4
6 124 4
6 125 8
7 8 4
7 9 6
7 10 6
7 11 6
7 12 5
7 13 5
7 14 6
7 15 6
7 16 6
7 17 2
7 18 6
7 19 6
7 20 6
7 21 6
7 22 6
7 23 6
7 24 4
7 25 8
7 26 6
7 27 6
7 28 6
7 29 6
7 30 8
7 31 5
7 32 6
7 33 6
7 34 6
7 35 6
7 36 4
7 37 2
7 38 2
7 39 6
7 40 6
7 41 2
7 42 4
7 43 4
7 44 3
7 45 6
7 46 6
7 47 2
7 48 6
7 49 6
7 50 2
7 51 6
7 52 8
7 53 3
7 54 2
7 55 6
7 56 6
7 57 6
7 58 6
7 59 2
7 60 6
7 61 6
7 62 6
7 63 6
7 64 5
7 65 4
7 66 8
7 67 6
7 68 4
7 69 2
7 70 2
7 71 1
7 72 7
7 73 6
7 74 6
7 75 2
7 76 6
7 77 2
7 78 6
7 79 6
7 80 6
7 81 6
7 82 6
7 83 7
7 84 4
7 85 8
7 86 5
7 87 6
7 88 4
7 89 6
7 90 6
7 91 6
7 92 6
7 93 6
7 94 6
7 95 2
7 96 6
7 97 5
7 98 2
7 99 5
7 100 3
7 101 2
7 102 7
7 103 2
7 104 6
7 105 6
7 106 8
7 107 6
7 108 7
7 109 6
7 110 2
7 111 6
7 112 4
7 113 6
7 114 6
7 115 6
7 116 6
7 117 6
7 118 6
7 119 6
7 120 5
7 121 5
7 122 6
7 123 6
7 124 6
7 125 6
8 9 7
8 10 4
8 11 8
8 12 6
8 13 2
8 14 6
8 15 2
8 16 7
8 17 4
8 18 5
8 19 10
8 20 4
8 21 4
8 22 6
8 23 4
8 24 4
8 25 9
8 26 2
8 27 10
8 28 4
8 29 5
8 30 4
8 31 4
8 32 6
8 33 4
8 34 10
8 35 4
8 36 4
8 37 4
8 38 8
8 39 4
8 40 6
8 41 7
8 42 8
8 43 6
8 44 5
8 45 6
8 46 9
8 47 2
8 48 6
8 49 6
8 50 8
8 51 8
8 52 4
8 53 9
8 54 6
8 55 6
8 56 8
8 57 4
8 58 8
8 59 2
8 60 4
8 61 5
8 62 10
8 63 4
8 64 7
8 65 4
8 66 4
8 67 4
8 68 3
8 69 4
8 70 6
8 71 2
8 72 8
8 73 6
8 74 7
8 75 8
8 76 6
8 77 7
8 78 6
8 79 7
8 80 3
8 81 4
8 82 4
8 83 8
8 84 4
8 85 8
8 86 7
8 87 4
8 88 10
8 89 8
8 90 2
8 91 4
8 92 5
8 93 6
8 94 2
8 95 1
8 96 5
8 97 9
8 98 8
8 99 4
8 100 8
8 101 2
8 102 6
8 103 6
8 104 5
8 105 9
8 106 8
8 107 8
8 108 4
8 109 6
8 110 4
8 111 6
8 112 4
8 113 7
8 114 7
8 115 6
8 116 7
8 117 7
8 118 5
8 119 6
8 120 6
8 121 6
8 122 7
8 123 5
8 124 6
8 125 5
9 10 8
9 11 6
9 12 4
9 13 6
9 14 6
9 15 6
9 16 4
9 17 6
9 18 6
9 19 9
9 20 6
9 21 3
9 22 4
9 23 1
9 24 4
9 25 8
9 26 4
9 27 6
9 28 5
9 29 5
9 30 9
9 31 6
9 32 5
9 33 6
9 34 5
9 35 4
9 36 4
9 37 2
9 38 6
9 39 3
9 40 6
9 41 6
9 42 6
9 43 3
9 44 2
9 45 8
9 46 6
9 47 2
9 48 3
9 49 6
9 50 6
9 51 7
9 52 6
9 53 6
9 54 8
9 55 6
9 56 8
9 57 6
9 58 8
9 59 2
9 60 5
9 61 1
9 62 4
9 63 6
9 64 5
9 65 4
9 66 8
9 67 8
9 68 4
9 69 8
9 70 8
9 71 3
9 72 6
9 73 6
9 74 4
9 75 6
9 76 8
9 77 7
9 78 6
9 79 6
9 80 6
9 81 7
9 82 6
9 83 5
9 84 6
9 85 8
9 86 8
9 87 4
9 88 6
9 89 5
9 90 4
9 91 5
9 92 4
9 93 6
9 94 3
9 95 2
9 96 4
9 97 4
9 98 2
9 99 2
9 100 4
9 101 2
9 102 4
9 103 2
9 104 4
9 105 8
9 106 6
9 107 6
9 108 6
9 109 8
9 110 8
9 111 6
9 112 8
9 113 6
9 114 2
9 115 10
9 116 4
9 117 8
9 118 6
9 119 3
9 120 4
9 121 4
9 122 6
9 123 5
9 124 6
9 125 4
10 11 5
10 12 3
10 13 1
10 14 4
10 15 6
10 16 2
10 17 7
10 18 4
10 19 4
10 20 6
10 21 2
10 22 6
10 23 4
10 24 6
10 25 7
10 26 4
10 27 4
10 28 6
10 29 7
10 30 8
10 31 2
10 32 6
10 33 6
10 34 8
10 35 6
10 36 4
10 37 1
10 38 3
10 39 6
10 40 6
10 41 4
10 42 4
10 43 4
10 44 1
10 45 8
10 46 6
10 47 2
10 48 2
10 49 6
10 50 6
10 51 7
10 52 6
10 53 4
10 54 5
10 55 6
10 56 5
10 57 6
10 58 6
10 59 2
10 60 5
10 61 4
10 62 6
10 63 6
10 64 6
10 65 4
10 66 6
10 67 6
10 68 4
10 69 4
10 70 2
10 71 6
10 72 5
10 73 6
10 74 2
10 75 6
10 76 4
10 77 4
10 78 6
10 79 6
10 80 6
10 81 6
10 82 4
10 83 6
10 84 2
10 85 6
10 86 8
10 87 8
10 88 2
10 89 6
10 90 6
10 91 6
10 92 6
10 93 4
10 94 2
10 95 1
10 96 6
10 97 4
10 98 2
10 99 2
10 100 6
10 101 2
10 102 6
10 103 2
10 104 6
10 105 6
10 106 8
10 107 6
10 108 2
10 109 6
10 110 2
10 111 6
10 112 8
10 113 6
10 114 6
10 115 5
10 116 6
10 117 5
10 118 6
10 119 6
10 120 6
10 121 7
10 122 6
10 123 6
10 124 6
10 125 5
11 12 4
11 13 2
11 14 7
11 15 6
11 16 4
11 17 7
11 18 6
11 19 5
11 20 6
11 21 6
11 22 6
11 23 6
11 24 7
11 25 4
11 26 6
11 27 6
11 28 6
11 29 6
11 30 4
11 31 8
11 32 7
11 33 6
11 34 6
11 35 6
11 36 2
11 37 8
11 38 6
11 39 5
11 40 4
11 41 6
11 42 8
11 43 6
11 44 4
11 45 6
11 46 6
11 47 7
11 48 6
11 49 4
11 50 5
11 51 6
11 52 6
11 53 4
11 54 8
11 55 6
11 56 7
11 57 6
11 58 2
11 59 2
11 60 8
11 61 6
11 62 7
11 63 6
11 64 6
11 65 4
11 66 6
11 67 7
11 68 6
11 69 8
11 70 8
11 71 2
11 72 5
11 73 5
11 74 4
11 75 6
11 76 6
11 77 7
11 78 6
11 79 8
11 80 7
11 81 7
11 82 6
11 83 4
11 84 6
11 85 6
11 86 6
11 87 4
11 88 2
11 89 6
11 90 6
11 91 6
11 92 6
11 93 6
11 94 2
11 95 2
11 96 6
11 97 6
11 98 9
11 99 6
11 100 2
11 101 2
11 102 5
11 103 6
11 104 7
11 105 6
11 106 7
11 107 2
11 108 6
11 109 6
11 110 2
11 111 6
11 112 6
11 113 7
11 114 6
11 115 5
11 116 6
11 117 6
11 118 6
11 119 6
11 120 6
11 121 6
11 122 6
11 123 6
11 124 5
11 125 6
12 13 2
12 14 7
12 15 2
12 16 1
12 17 3
12 18 2
12 19 6
12 20 2
12 21 5
12 22 4
12 23 4
12 24 4
12 25 6
12 26 3
12 27 6
12 28 4
12 29 4
12 30 4
12 31 4
12 32 6
12 33 6
12 34 10
12 35 3
12 36 4
12 37 2
12 38 2
12 39 4
12 40 4
12 41 4
12 42 4
12 43 8
12 44 6
12 45 6
12 46 6
12 47 3
12 48 8
12 49 4
12 50 9
12 51 6
12 52 7
12 53 6
12 54 9
12 55 8
12 56 4
12 57 2
12 58 2
12 59 2
12 60 5
12 61 4
12 62 2
12 63 4
12 64 2
12 65 2
12 66 6
12 67 6
12 68 3
12 69 10
12 70 10
12 71 2
12 72 7
12 73 6
12 74 6
12 75 5
12 76 4
12 77 4
12 78 6
12 79 8
12 80 7
12 81 6
12 82 6
12 83 6
12 84 4
12 85 6
12 86 2
12 87 2
12 88 8
12 89 7
12 90 4
12 91 6
12 92 7
12 93 4
12 94 2
12 95 2
12 96 2
12 97 6
12 98 3
12 99 5
12 100 2
12 101 2
12 102 7
12 103 5
12 104 6
12 105 7
12 106 6
12 107 5
12 108 4
12 109 10
12 110 8
12 111 6
12 112 2
12 113 8
12 114 6
12 115 4
12 116 1
12 117 8
12 118 6
12 119 2
12 120 6
12 121 7
12 122 6
12 123 7
12 124 5
12 125 7
13 14 2
13 15 6
13 16 2
13 17 2
13 18 2
13 19 2
13 20 2
13 21 2
13 22 2
13 23 2
13 24 4
13 25 2
13 26 2
13 27 2
13 28 6
13 29 2
13 30 3
13 31 2
13 32 4
13 33 6
13 34 2
13 35 6
13 36 6
13 37 2
13 38 4
13 39 5
13 40 6
13 41 1
13 42 2
13 43 2
13 44 2
13 45 1
13 46 2
13 47 2
13 48 2
13 49 7
13 50 2
13 51 2
13 52 6
13 53 2
13 54 1
13 55 6
13 56 2
13 57 2
13 58 6
13 59 3
13 60 6
13 61 1
13 62 2
13 63 6
13 64 6
13 65 4
13 66 4
13 67 6
13 68 2
13 69 1
13 70 2
13 71 2
13 72 6
13 73 2
13 74 5
13 75 1
13 76 2
13 77 4
13 78 6
13 79 2
13 80 4
13 81 6
13 82 6
13 83 3
13 84 2
13 85 7
13 86 2
13 87 3
13 88 5
13 89 6
13 90 6
13 91 8
13 92 6
13 93 2
13 94 6
13 95 1
13 96 2
13 97 2
13 98 2
13 99 6
13 100 2
13 101 2
13 102 2
13 103 2
13 104 8
13 105 6
13 106 2
13 107 1
13 108 6
13 109 2
13 110 2
13 111 3
13 112 5
13 113 4
13 114 4
13 115 4
13 116 4
13 117 4
13 118 4
13 119 4
13 120 4
13 121 4
13 122 4
13 123 4
13 124 4
13 125 4
14 15 2
14 16 4
14 17 9
14 18 1
14 19 2
14 20 4
14 21 2
14 22 6
14 23 2
14 24 4
14 25 5
14 26 2
14 27 10
14 28 6
14 29 6
14 30 2
14 31 2
14 32 10
14 33 6
14 34 10
14 35 2
14 36 4
14 37 2
14 38 8
14 39 2
14 40 4
14 41 6
14 42 2
14 43 6
14 44 3
14 45 6
14 46 6
14 47 2
14 48 4
14 49 4
14 50 8
14 51 6
14 52 6
14 53 8
14 54 6
14 55 8
14 56 7
14 57 4
14 58 4
14 59 2
14 60 4
14 61 2
14 62 1
14 63 6
14 64 6
14 65 4
14 66 4
14 67 3
14 68 2
14 69 6
14 70 1
14 71 8
14 72 4
14 73 6
14 74 2
14 75 8
14 76 4
14 77 5
14 78 6
14 79 8
14 80 4
14 81 4
14 82 6
14 83 8
14 84 1
14 85 5
14 86 6
14 87 4
14 88 10
14 89 8
14 90 6
14 91 3
14 92 7
14 93 4
14 94 2
14 95 2
14 96 2
14 97 9
14 98 3
14 99 2
14 100 4
14 101 2
14 102 7
14 103 4
14 104 3
14 105 8
14 106 8
14 107 6
14 108 2
14 109 10
14 110 4
14 111 5
14 112 5
14 113 6
14 114 6
14 115 6
14 116 6
14 117 6
14 118 6
14 119 6
14 120 7
14 121 7
14 122 6
14 123 6
14 124 6
14 125 6
15 16 4
15 17 6
15 18 6
15 19 2
15 20 6
15 21 2
15 22 6
15 23 1
15 24 2
15 25 7
15 26 3
15 27 5
15 28 2
15 29 6
15 30 5
15 31 2
15 32 2
15 33 6
15 34 4
15 35 6
15 36 2
15 37 2
15 38 1
15 39 6
15 40 6
15 41 6
15 42 3
15 43 6
15 44 3
15 45 7
15 46 2
15 47 2
15 48 4
15 49 3
15 50 2
15 51 6
15 52 6
15 53 4
15 54 4
15 55 6
15 56 6
15 57 6
15 58 2
15 59 2
15 60 2
15 61 3
15 62 4
15 63 6
15 64 7
15 65 2
15 66 8
15 67 6
15 68 2
15 69 2
15 70 2
15 71 2
15 72 2
15 73 5
15 74 8
15 75 2
15 76 6
15 77 2
15 78 6
15 79 6
15 80 6
15 81 6
15 82 4
15 83 2
15 84 2
15 85 5
15 86 6
15 87 2
15 88 2
15 89 6
15 90 8
15 91 4
15 92 2
15 93 6
15 94 6
15 95 2
15 96 6
15 97 1
15 98 2
15 99 4
15 100 4
15 101 2
15 102 6
15 103 2
15 104 6
15 105 4
15 106 6
15 107 3
15 108 5
15 109 6
15 110 2
15 111 6
15 112 4
15 113 6
15 114 7
15 115 6
15 116 7
15 117 7
15 118 6
15 119 5
15 120 6
15 121 6
15 122 6
15 123 6
15 124 6
15 125 6
16 17 9
16 18 6
16 19 4
16 20 6
16 21 6
16 22 4
16 23 6
16 24 6
16 25 3
16 26 1
16 27 8
16 28 3
16 29 9
16 30 8
16 31 9
16 32 5
16 33 6
16 34 4
16 35 7
16 36 6
16 37 2
16 38 1
16 39 5
16 40 6
16 41 6
16 42 2
16 43 10
16 44 6
16 45 6
16 46 6
16 47 2
16 48 4
16 49 1
16 50 7
16 51 6
16 52 6
16 53 2
16 54 2
16 55 6
16 56 6
16 57 7
16 58 6
16 59 2
16 60 2
16 61 6
16 62 8
16 63 6
16 64 8
16 65 2
16 66 7
16 67 5
16 68 4
16 69 6
16 70 6
16 71 4
16 72 6
16 73 6
16 74 4
16 75 4
16 76 8
16 77 6
16 78 8
16 79 3
16 80 3
16 81 1
16 82 5
16 83 9
16 84 2
16 85 4
16 86 8
16 87 9
16 88 10
16 89 5
16 90 4
16 91 6
16 92 6
16 93 8
16 94 4
16 95 3
16 96 6
16 97 8
16 98 2
16 99 6
16 100 3
16 101 2
16 102 6
16 103 2
16 104 7
16 105 8
16 106 10
16 107 2
16 108 4
16 109 8
16 110 4
16 111 8
16 112 4
16 113 9
16 114 8
16 115 4
16 116 8
16 117 8
16 118 10
16 119 7
16 120 8
16 121 8
16 122 8
16 123 8
16 124 7
16 125 8
17 18 6
17 19 3
17 20 6
17 21 2
17 22 4
17 23 2
17 24 8
17 25 2
17 26 6
17 27 10
17 28 3
17 29 6
17 30 8
17 31 6
17 32 4
17 33 6
17 34 4
17 35 6
17 36 3
17 37 8
17 38 6
17 39 6
17 40 4
17 41 9
17 42 8
17 43 10
17 44 5
17 45 3
17 46 2
17 47 2
17 48 3
17 49 4
17 50 7
17 51 7
17 52 4
17 53 4
17 54 6
17 55 4
17 56 3
17 57 8
17 58 6
17 59 2
17 60 4
17 61 2
17 62 8
17 63 4
17 64 6
17 65 6
17 66 2
17 67 2
17 68 5
17 69 6
17 70 4
17 71 4
17 72 3
17 73 6
17 74 2
17 75 8
17 76 8
17 77 6
17 78 5
17 79 6
17 80 7
17 81 6
17 82 1
17 83 8
17 84 2
17 85 3
17 86 6
17 87 8
17 88 8
17 89 6
17 90 2
17 91 2
17 92 5
17 93 6
17 94 3
17 95 6
17 96 6
17 97 7
17 98 4
17 99 2
17 100 8
17 101 2
17 102 5
17 103 8
17 104 4
17 105 8
17 106 6
17 107 9
17 108 4
17 109 10
17 110 4
17 111 6
17 112 6
17 113 6
17 114 6
17 115 6
17 116 6
17 117 6
17 118 7
17 119 6
17 120 6
17 121 6
17 122 6
17 123 7
17 124 6
17 125 6
18 19 4
18 20 6
18 21 4
18 22 6
18 23 6
18 24 4
18 25 4
18 26 5
18 27 4
18 28 2
18 29 4
18 30 7
18 31 8
18 32 7
18 33 6
18 34 3
18 35 8
18 36 3
18 37 7
18 38 4
18 39 6
18 40 6
18 41 6
18 42 4
18 43 3
18 44 4
18 45 6
18 46 4
18 47 1
18 48 4
18 49 7
18 50 8
18 51 6
18 52 4
18 53 4
18 54 2
18 55 4
18 56 4
18 57 6
18 58 6
18 59 2
18 60 6
18 61 6
18 62 6
18 63 4
18 64 6
18 65 2
18 66 7
18 67 6
18 68 8
18 69 3
18 70 6
18 71 6
18 72 6
18 73 6
18 74 6
18 75 4
18 76 5
18 77 4
18 78 6
18 79 2
18 80 6
18 81 6
18 82 6
18 83 6
18 84 2
18 85 6
18 86 5
18 87 8
18 88 2
18 89 6
18 90 6
18 91 6
18 92 5
18 93 7
18 94 2
18 95 2
18 96 4
18 97 5
18 98 2
18 99 6
18 100 2
18 101 2
18 102 6
18 103 2
18 104 6
18 105 4
18 106 6
18 107 2
18 108 6
18 109 6
18 110 8
18 111 6
18 112 4
18 113 6
18 114 6
18 115 6
18 116 6
18 117 6
18 118 5
18 119 6
18 120 6
18 121 6
18 122 6
18 123 6
18 124 5
18 125 4
19 20 2
19 21 2
19 22 6
19 23 2
19 24 2
19 25 2
19 26 3
19 27 8
19 28 3
19 29 2
19 30 8
19 31 2
19 32 10
19 33 2
19 34 8
19 35 2
19 36 4
19 37 4
19 38 6
19 39 5
19 40 5
19 41 8
19 42 4
19 43 4
19 44 6
19 45 4
19 46 6
19 47 2
19 48 4
19 49 5
19 50 6
19 51 8
19 52 5
19 53 4
19 54 6
19 55 10
19 56 3
19 57 2
19 58 6
19 59 2
19 60 4
19 61 2
19 62 3
19 63 1
19 64 4
19 65 3
19 66 9
19 67 6
19 68 2
19 69 4
19 70 8
19 71 4
19 72 2
19 73 6
19 74 2
19 75 4
19 76 4
19 77 8
19 78 8
19 79 9
19 80 6
19 81 2
19 82 4
19 83 3
19 84 2
19 85 8
19 86 8
19 87 2
19 88 10
19 89 8
19 90 6
19 91 4
19 92 8
19 93 4
19 94 2
19 95 2
19 96 2
19 97 10
19 98 5
19 99 2
19 100 2
19 101 9
19 102 3
19 103 2
19 104 6
19 105 8
19 106 6
19 107 7
19 108 8
19 109 10
19 110 2
19 111 8
19 112 3
19 113 8
19 114 2
19 115 5
19 116 8
19 117 7
19 118 9
19 119 8
19 120 8
19 121 7
19 122 8
19 123 8
19 124 4
19 125 8
20 21 2
20 22 6
20 23 2
20 24 4
20 25 4
20 26 2
20 27 6
20 28 6
20 29 6
20 30 8
20 31 4
20 32 1
20 33 6
20 34 6
20 35 8
20 36 4
20 37 2
20 38 2
20 39 7
20 40 5
20 41 6
20 42 4
20 43 8
20 44 6
20 45 4
20 46 5
20 47 2
20 48 2
20 49 7
20 50 6
20 51 6
20 52 5
20 53 4
20 54 4
20 55 4
20 56 6
20 57 6
20 58 6
20 59 2
20 60 4
20 61 2
20 62 6
20 63 6
20 64 6
20 65 3
20 66 6
20 67 6
20 68 3
20 69 7
20 70 1
20 71 6
20 72 4
20 73 5
20 74 4
20 75 4
20 76 6
20 77 8
20 78 6
20 79 2
20 80 4
20 81 6
20 82 6
20 83 2
20 84 6
20 85 6
20 86 5
20 87 2
20 88 4
20 89 6
20 90 5
20 91 6
20 92 6
20 93 6
20 94 8
20 95 2
20 96 6
20 97 6
20 98 6
20 99 6
20 100 4
20 101 2
20 102 6
20 103 2
20 104 6
20 105 2
20 106 6
20 107 6
20 108 5
20 109 4
20 110 2
20 111 5
20 112 4
20 113 6
20 114 6
20 115 7
20 116 6
20 117 6
20 118 6
20 119 6
20 120 6
20 121 6
20 122 6
20 123 7
20 124 6
20 125 6
21 22 2
21 23 2
21 24 2
21 25 2
21 26 4
21 27 6
21 28 2
21 29 4
21 30 2
21 31 2
21 32 2
21 33 2
21 34 5
21 35 1
21 36 4
21 37 2
21 38 3
21 39 4
21 40 6
21 41 1
21 42 2
21 43 2
21 44 2
21 45 2
21 46 2
21 47 2
21 48 2
21 49 1
21 50 3
21 51 3
21 52 6
21 53 2
21 54 3
21 55 10
21 56 1
21 57 2
21 58 2
21 59 2
21 60 2
21 61 8
21 62 6
21 63 3
21 64 3
21 65 2
21 66 4
21 67 6
21 68 2
21 69 2
21 70 2
21 71 1
21 72 4
21 73 4
21 74 9
21 75 4
21 76 4
21 77 2
21 78 6
21 79 2
21 80 2
21 81 2
21 82 2
21 83 2
21 84 2
21 85 4
21 86 2
21 87 2
21 88 2
21 89 7
21 90 4
21 91 9
21 92 5
21 93 5
21 94 3
21 95 2
21 96 2
21 97 2
21 98 3
21 99 4
21 100 2
21 101 2
21 102 6
21 103 1
21 104 7
21 105 2
21 106 2
21 107 6
21 108 3
21 109 4
21 110 3
21 111 6
21 112 4
21 113 6
21 114 6
21 115 8
21 116 6
21 117 3
21 118 8
21 119 6
21 120 8
21 121 7
21 122 6
21 123 4
21 124 8
21 125 6
22 23 2
22 24 6
22 25 2
22 26 6
22 27 8
22 28 4
22 29 6
22 30 4
22 31 4
22 32 2
22 33 6
22 34 6
22 35 2
22 36 4
22 37 2
22 38 4
22 39 5
22 40 7
22 41 8
22 42 4
22 43 8
22 44 2
22 45 3
22 46 4
22 47 9
22 48 2
22 49 5
22 50 6
22 51 6
22 52 6
22 53 6
22 54 7
22 55 6
22 56 6
22 57 5
22 58 2
22 59 2
22 60 6
22 61 2
22 62 6
22 63 6
22 64 6
22 65 4
22 66 6
22 67 6
22 68 2
22 69 5
22 70 10
22 71 8
22 72 6
22 73 6
22 74 4
22 75 6
22 76 6
22 77 6
22 78 6
22 79 6
22 80 3
22 81 7
22 82 2
22 83 4
22 84 6
22 85 4
22 86 6
22 87 4
22 88 2
22 89 6
22 90 5
22 91 7
22 92 6
22 93 6
22 94 6
22 95 2
22 96 5
22 97 6
22 98 8
22 99 1
22 100 8
22 101 2
22 102 6
22 103 2
22 104 6
22 105 6
22 106 7
22 107 6
22 108 5
22 109 6
22 110 4
22 111 6
22 112 4
22 113 6
22 114 6
22 115 6
22 116 6
22 117 6
22 118 6
22 119 6
22 120 6
22 121 7
22 122 7
22 123 6
22 124 6
22 125 5
23 24 3
23 25 6
23 26 6
23 27 4
23 28 2
23 29 6
23 30 2
23 31 1
23 32 2
23 33 2
23 34 6
23 35 4
23 36 6
23 37 2
23 38 2
23 39 6
23 40 8
23 41 2
23 42 2
23 43 4
23 44 2
23 45 8
23 46 6
23 47 2
23 48 6
23 49 4
23 50 2
23 51 7
23 52 9
23 53 2
23 54 2
23 55 8
23 56 2
23 57 5
23 58 2
23 59 2
23 60 2
23 61 6
23 62 6
23 63 3
23 64 7
23 65 3
23 66 6
23 67 6
23 68 6
23 69 6
23 70 6
23 71 3
23 72 8
23 73 7
23 74 9
23 75 6
23 76 6
23 77 2
23 78 6
23 79 1
23 80 2
23 81 2
23 82 2
23 83 2
23 84 2
23 85 4
23 86 2
23 87 7
23 88 3
23 89 8
23 90 6
23 91 6
23 92 5
23 93 6
23 94 2
23 95 3
23 96 2
23 97 4
23 98 2
23 99 6
23 100 4
23 101 2
23 102 5
23 103 2
23 104 2
23 105 2
23 106 4
23 107 6
23 108 4
23 109 5
23 110 2
23 111 6
23 112 3
23 113 6
23 114 7
23 115 6
23 116 6
23 117 4
23 118 6
23 119 6
23 120 6
23 121 6
23 122 6
23 123 6
23 124 5
23 125 6
24 25 4
24 26 2
24 27 4
24 28 6
24 29 8
24 30 8
24 31 2
24 32 4
24 33 7
24 34 5
24 35 2
24 36 4
24 37 2
24 38 2
24 39 6
24 40 4
24 41 2
24 42 2
24 43 4
24 44 8
24 45 3
24 46 8
24 47 2
24 48 4
24 49 2
24 50 6
24 51 2
24 52 4
24 53 2
24 54 2
24 55 3
24 56 6
24 57 2
24 58 6
24 59 2
24 60 2
24 61 2
24 62 8
24 63 5
24 64 5
24 65 2
24 66 4
24 67 7
24 68 2
24 69 2
24 70 3
24 71 2
24 72 4
24 73 6
24 74 4
24 75 2
24 76 6
24 77 4
24 78 6
24 79 2
24 80 6
24 81 1
24 82 4
24 83 2
24 84 2
24 85 7
24 86 9
24 87 2
24 88 8
24 89 8
24 90 8
24 91 4
24 92 6
24 93 7
24 94 5
24 95 2
24 96 6
24 97 4
24 98 2
24 99 1
24 100 2
24 101 2
24 102 6
24 103 2
24 104 2
24 105 8
24 106 6
24 107 6
24 108 5
24 109 9
24 110 5
24 111 5
24 112 4
24 113 6
24 114 4
24 115 8
24 116 8
24 117 6
24 118 6
24 119 6
24 120 8
24 121 7
24 122 8
24 123 6
24 124 6
24 125 5
25 26 2
25 27 6
25 28 8
25 29 6
25 30 9
25 31 8
25 32 4
25 33 6
25 34 8
25 35 6
25 36 4
25 37 2
25 38 2
25 39 6
25 40 6
25 41 5
25 42 4
25 43 4
25 44 3
25 45 10
25 46 2
25 47 2
25 48 8
25 49 8
25 50 6
25 51 8
25 52 8
25 53 4
25 54 6
25 55 8
25 56 6
25 57 4
25 58 6
25 59 3
25 60 2
25 61 2
25 62 7
25 63 6
25 64 7
25 65 4
25 66 6
25 67 6
25 68 4
25 69 5
25 70 5
25 71 4
25 72 6
25 73 6
25 74 2
25 75 8
25 76 2
25 77 2
25 78 4
25 79 4
25 80 6
25 81 2
25 82 6
25 83 6
25 84 7
25 85 6
25 86 8
25 87 4
25 88 2
25 89 8
25 90 7
25 91 9
25 92 6
25 93 2
25 94 2
25 95 2
25 96 4
25 97 8
25 98 4
25 99 6
25 100 2
25 101 2
25 102 6
25 103 4
25 104 8
25 105 6
25 106 6
25 107 4
25 108 8
25 109 8
25 110 10
25 111 5
25 112 3
25 113 7
25 114 6
25 115 4
25 116 6
25 117 5
25 118 6
25 119 6
25 120 6
25 121 8
25 122 6
25 123 6
25 124 6
25 125 8
26 27 4
26 28 2
26 29 6
26 30 2
26 31 2
26 32 2
26 33 2
26 34 4
26 35 6
26 36 2
26 37 2
26 38 2
26 39 6
26 40 2
26 41 2
26 42 4
26 43 6
26 44 2
26 45 2
26 46 1
26 47 2
26 48 4
26 49 6
26 50 6
26 51 4
26 52 1
26 53 4
26 54 6
26 55 2
26 56 6
26 57 6
26 58 2
26 59 2
26 60 2
26 61 6
26 62 6
26 63 2
26 64 1
26 65 2
26 66 1
26 67 6
26 68 2
26 69 4
26 70 3
26 71 2
26 72 3
26 73 6
26 74 3
26 75 7
26 76 6
26 77 2
26 78 6
26 79 2
26 80 2
26 81 2
26 82 2
26 83 2
26 84 1
26 85 6
26 86 6
26 87 3
26 88 2
26 89 3
26 90 2
26 91 2
26 92 2
26 93 3
26 94 2
26 95 2
26 96 6
26 97 8
26 98 2
26 99 2
26 100 7
26 101 2
26 102 6
26 103 2
26 104 2
26 105 2
26 106 5
26 107 2
26 108 4
26 109 6
26 110 2
26 111 7
26 112 6
26 113 6
26 114 6
26 115 6
26 116 2
26 117 2
26 118 6
26 119 6
26 120 6
26 121 6
26 122 6
26 123 6
26 124 6
26 125 6
27 28 2
27 29 8
27 30 8
27 31 8
27 32 6
27 33 8
27 34 8
27 35 2
27 36 2
27 37 4
27 38 6
27 39 4
27 40 4
27 41 8
27 42 8
27 43 8
27 44 2
27 45 3
27 46 2
27 47 9
27 48 6
27 49 4
27 50 8
27 51 6
27 52 6
27 53 8
27 54 8
27 55 8
27 56 6
27 57 6
27 58 6
27 59 1
27 60 8
27 61 7
27 62 10
27 63 5
27 64 6
27 65 4
27 66 6
27 67 5
27 68 7
27 69 2
27 70 9
27 71 7
27 72 4
27 73 7
27 74 2
27 75 8
27 76 6
27 77 4
27 78 6
27 79 10
27 80 8
27 81 8
27 82 6
27 83 8
27 84 3
27 85 2
27 86 7
27 87 4
27 88 9
27 89 6
27 90 3
27 91 2
27 92 6
27 93 7
27 94 5
27 95 4
27 96 4
27 97 8
27 98 8
27 99 7
27 100 8
27 101 2
27 102 6
27 103 2
27 104 4
27 105 8
27 106 8
27 107 6
27 108 4
27 109 9
27 110 8
27 111 6
27 112 8
27 113 5
27 114 5
27 115 6
27 116 7
27 117 7
27 118 5
27 119 6
27 120 6
27 121 6
27 122 6
27 123 6
27 124 6
27 125 5
28 29 6
28 30 4
28 31 2
28 32 2
28 33 2
28 34 6
28 35 2
28 36 4
28 37 2
28 38 2
28 39 7
28 40 6
28 41 5
28 42 1
28 43 6
28 44 1
28 45 5
28 46 6
28 47 2
28 48 4
28 49 6
28 50 7
28 51 6
28 52 6
28 53 4
28 54 2
28 55 6
28 56 5
28 57 5
28 58 6
28 59 2
28 60 2
28 61 2
28 62 6
28 63 7
28 64 2
28 65 2
28 66 6
28 67 6
28 68 4
28 69 6
28 70 2
28 71 2
28 72 2
28 73 6
28 74 8
28 75 4
28 76 6
28 77 2
28 78 6
28 79 2
28 80 4
28 81 7
28 82 2
28 83 5
28 84 5
28 85 6
28 86 6
28 87 1
28 88 1
28 89 5
28 90 6
28 91 1
28 92 7
28 93 5
28 94 7
28 95 2
28 96 6
28 97 2
28 98 2
28 99 2
28 100 2
28 101 1
28 102 6
28 103 2
28 104 4
28 105 2
28 106 8
28 107 6
28 108 2
28 109 5
28 110 8
28 111 2
28 112 4
28 113 6
28 114 6
28 115 4
28 116 6
28 117 2
28 118 6
28 119 2
28 120 6
28 121 6
28 122 4
28 123 3
28 124 6
28 125 6
29 30 9
29 31 8
29 32 7
29 33 6
29 34 6
29 35 7
29 36 4
29 37 6
29 38 6
29 39 6
29 40 7
29 41 6
29 42 5
29 43 8
29 44 6
29 45 8
29 46 5
29 47 2
29 48 4
29 49 6
29 50 6
29 51 6
29 52 6
29 53 4
29 54 7
29 55 6
29 56 6
29 57 6
29 58 7
29 59 2
29 60 6
29 61 7
29 62 6
29 63 6
29 64 6
29 65 4
29 66 6
29 67 6
29 68 6
29 69 6
29 70 8
29 71 6
29 72 6
29 73 6
29 74 6
29 75 2
29 76 2
29 77 6
29 78 6
29 79 8
29 80 5
29 81 6
29 82 6
29 83 8
29 84 2
29 85 6
29 86 6
29 87 5
29 88 6
29 89 6
29 90 6
29 91 8
29 92 6
29 93 2
29 94 2
29 95 2
29 96 6
29 97 6
29 98 5
29 99 6
29 100 2
29 101 2
29 102 7
29 103 6
29 104 6
29 105 6
29 106 6
29 107 6
29 108 8
29 109 6
29 110 9
29 111 5
29 112 4
29 113 6
29 114 6
29 115 7
29 116 5
29 117 6
29 118 7
29 119 8
29 120 6
29 121 6
29 122 7
29 123 6
29 124 6
29 125 8
30 31 8
30 32 8
30 33 7
30 34 8
30 35 8
30 36 2
30 37 4
30 38 3
30 39 8
30 40 6
30 41 1
30 42 5
30 43 8
30 44 10
30 45 7
30 46 8
30 47 2
30 48 8
30 49 8
30 50 2
30 51 2
30 52 9
30 53 6
30 54 2
30 55 8
30 56 8
30 57 8
30 58 8
30 59 2
30 60 4
30 61 2
30 62 9
30 63 8
30 64 8
30 65 4
30 66 6
30 67 5
30 68 2
30 69 2
30 70 4
30 71 5
30 72 8
30 73 4
30 74 1
30 75 8
30 76 4
30 77 4
30 78 4
30 79 3
30 80 4
30 81 5
30 82 6
30 83 4
30 84 7
30 85 5
30 86 8
30 87 4
30 88 10
30 89 8
30 90 4
30 91 6
30 92 9
30 93 4
30 94 4
30 95 1
30 96 3
30 97 4
30 98 2
30 99 1
30 100 3
30 101 7
30 102 8
30 103 1
30 104 1
30 105 8
30 106 8
30 107 8
30 108 2
30 109 4
30 110 10
30 111 10
30 112 4
30 113 6
30 114 6
30 115 6
30 116 6
30 117 8
30 118 6
30 119 2
30 120 6
30 121 6
30 122 8
30 123 6
30 124 7
30 125 4
31 32 4
31 33 4
31 34 8
31 35 2
31 36 2
31 37 2
31 38 2
31 39 8
31 40 4
31 41 6
31 42 2
31 43 8
31 44 4
31 45 4
31 46 4
31 47 1
31 48 2
31 49 6
31 50 4
31 51 8
31 52 4
31 53 6
31 54 9
31 55 3
31 56 4
31 57 6
31 58 8
31 59 2
31 60 2
31 61 6
31 62 4
31 63 6
31 64 8
31 65 4
31 66 5
31 67 4
31 68 2
31 69 4
31 70 4
31 71 6
31 72 2
31 73 7
31 74 2
31 75 5
31 76 8
31 77 4
31 78 8
31 79 1
31 80 4
31 81 4
31 82 2
31 83 8
31 84 7
31 85 6
31 86 8
31 87 2
31 88 4
31 89 8
31 90 2
31 91 2
31 92 2
31 93 2
31 94 2
31 95 1
31 96 5
31 97 9
31 98 2
31 99 4
31 100 3
31 101 2
31 102 2
31 103 2
31 104 4
31 105 8
31 106 8
31 107 7
31 108 4
31 109 8
31 110 10
31 111 7
31 112 3
31 113 8
31 114 7
31 115 8
31 116 8
31 117 9
31 118 8
31 119 6
31 120 9
31 121 6
31 122 8
31 123 6
31 124 6
31 125 9
32 33 6
32 34 6
32 35 4
32 36 4
32 37 1
32 38 4
32 39 4
32 40 4
32 41 4
32 42 5
32 43 6
32 44 3
32 45 9
32 46 4
32 47 2
32 48 3
32 49 5
32 50 6
32 51 6
32 52 7
32 53 4
32 54 6
32 55 10
32 56 6
32 57 2
32 58 2
32 59 2
32 60 2
32 61 2
32 62 6
32 63 6
32 64 5
32 65 9
32 66 6
32 67 4
32 68 6
32 69 6
32 70 8
32 71 6
32 72 4
32 73 6
32 74 4
32 75 6
32 76 5
32 77 6
32 78 2
32 79 7
32 80 6
32 81 4
32 82 6
32 83 6
32 84 4
32 85 6
32 86 6
32 87 2
32 88 8
32 89 6
32 90 8
32 91 8
32 92 4
32 93 6
32 94 7
32 95 2
32 96 6
32 97 4
32 98 2
32 99 2
32 100 6
32 101 6
32 102 4
32 103 4
32 104 1
32 105 10
32 106 3
32 107 7
32 108 6
32 109 10
32 110 4
32 111 6
32 112 4
32 113 6
32 114 6
32 115 6
32 116 6
32 117 6
32 118 6
32 119 6
32 120 5
32 121 6
32 122 6
32 123 6
32 124 6
32 125 6
33 34 6
33 35 10
33 36 4
33 37 2
33 38 4
33 39 8
33 40 6
33 41 6
33 42 5
33 43 5
33 44 10
33 45 6
33 46 6
33 47 2
33 48 4
33 49 6
33 50 1
33 51 5
33 52 5
33 53 4
33 54 2
33 55 6
33 56 6
33 57 6
33 58 6
33 59 2
33 60 2
33 61 2
33 62 6
33 63 6
33 64 6
33 65 4
33 66 6
33 67 2
33 68 2
33 69 4
33 70 2
33 71 2
33 72 9
33 73 6
33 74 6
33 75 6
33 76 6
33 77 6
33 78 6
33 79 6
33 80 7
33 81 1
33 82 6
33 83 6
33 84 6
33 85 6
33 86 6
33 87 3
33 88 4
33 89 6
33 90 9
33 91 6
33 92 6
33 93 6
33 94 6
33 95 3
33 96 5
33 97 5
33 98 2
33 99 6
33 100 4
33 101 5
33 102 6
33 103 2
33 104 6
33 105 6
33 106 6
33 107 7
33 108 8
33 109 6
33 110 6
33 111 8
33 112 4
33 113 8
33 114 8
33 115 8
33 116 8
33 117 8
33 118 8
33 119 8
33 120 8
33 121 8
33 122 8
33 123 8
33 124 7
33 125 8
34 35 4
34 36 4
34 37 4
34 38 4
34 39 6
34 40 7
34 41 6
34 42 8
34 43 4
34 44 1
34 45 5
34 46 8
34 47 2
34 48 4
34 49 6
34 50 5
34 51 7
34 52 6
34 53 6
34 54 6
34 55 6
34 56 8
34 57 4
34 58 6
34 59 2
34 60 4
34 61 6
34 62 8
34 63 6
34 64 6
34 65 3
34 66 6
34 67 6
34 68 4
34 69 8
34 70 8
34 71 6
34 72 6
34 73 7
34 74 6
34 75 8
34 76 6
34 77 4
34 78 6
34 79 9
34 80 7
34 81 4
34 82 6
34 83 10
34 84 2
34 85 6
34 86 6
34 87 4
34 88 8
34 89 6
34 90 6
34 91 6
34 92 6
34 93 6
34 94 2
34 95 2
34 96 4
34 97 6
34 98 2
34 99 6
34 100 6
34 101 2
34 102 6
34 103 4
34 104 6
34 105 8
34 106 5
34 107 9
34 108 6
34 109 6
34 110 8
34 111 6
34 112 4
34 113 5
34 114 5
34 115 7
34 116 7
34 117 6
34 118 6
34 119 6
34 120 6
34 121 6
34 122 6
34 123 6
34 124 7
34 125 6
35 36 2
35 37 3
35 38 2
35 39 8
35 40 6
35 41 3
35 42 6
35 43 6
35 44 5
35 45 8
35 46 6
35 47 4
35 48 3
35 49 4
35 50 7
35 51 2
35 52 6
35 53 3
35 54 2
35 55 5
35 56 6
35 57 8
35 58 6
35 59 2
35 60 2
35 61 2
35 62 2
35 63 7
35 64 6
35 65 4
35 66 6
35 67 6
35 68 3
35 69 2
35 70 4
35 71 2
35 72 1
35 73 5
35 74 2
35 75 8
35 76 6
35 77 5
35 78 6
35 79 6
35 80 6
35 81 8
35 82 6
35 83 3
35 84 9
35 85 4
35 86 6
35 87 2
35 88 4
35 89 6
35 90 5
35 91 7
35 92 7
35 93 7
35 94 4
35 95 2
35 96 6
35 97 4
35 98 2
35 99 6
35 100 3
35 101 6
35 102 8
35 103 2
35 104 10
35 105 8
35 106 8
35 107 6
35 108 2
35 109 4
35 110 2
35 111 6
35 112 4
35 113 8
35 114 6
35 115 6
35 116 6
35 117 6
35 118 6
35 119 5
35 120 6
35 121 7
35 122 7
35 123 6
35 124 6
35 125 6
36 37 2
36 38 4
36 39 5
36 40 4
36 41 2
36 42 4
36 43 3
36 44 2
36 45 3
36 46 4
36 47 2
36 48 6
36 49 2
36 50 2
36 51 2
36 52 10
36 53 4
36 54 3
36 55 10
36 56 7
36 57 4
36 58 4
36 59 1
36 60 2
36 61 5
36 62 4
36 63 5
36 64 4
36 65 4
36 66 4
36 67 6
36 68 2
36 69 2
36 70 2
36 71 2
36 72 10
36 73 4
36 74 10
36 75 4
36 76 2
36 77 2
36 78 5
36 79 4
36 80 4
36 81 4
36 82 4
36 83 2
36 84 2
36 85 6
36 86 6
36 87 2
36 88 5
36 89 10
36 90 4
36 91 6
36 92 6
36 93 4
36 94 10
36 95 2
36 96 4
36 97 4
36 98 2
36 99 4
36 100 4
36 101 2
36 102 4
36 103 2
36 104 4
36 105 8
36 106 4
36 107 5
36 108 5
36 109 4
36 110 4
36 111 6
36 112 4
36 113 6
36 114 7
36 115 5
36 116 6
36 117 6
36 118 6
36 119 6
36 120 6
36 121 6
36 122 7
36 123 6
36 124 6
36 125 6
37 38 2
37 39 6
37 40 6
37 41 4
37 42 4
37 43 6
37 44 2
37 45 1
37 46 2
37 47 2
37 48 2
37 49 2
37 50 2
37 51 8
37 52 2
37 53 4
37 54 2
37 55 2
37 56 2
37 57 7
37 58 2
37 59 2
37 60 4
37 61 2
37 62 4
37 63 6
37 64 4
37 65 3
37 66 2
37 67 2
37 68 2
37 69 1
37 70 4
37 71 6
37 72 1
37 73 6
37 74 2
37 75 6
37 76 8
37 77 3
37 78 6
37 79 2
37 80 7
37 81 6
37 82 2
37 83 1
37 84 7
37 85 2
37 86 8
37 87 1
37 88 10
37 89 9
37 90 2
37 91 2
37 92 2
37 93 8
37 94 4
37 95 2
37 96 2
37 97 6
37 98 8
37 99 2
37 100 8
37 101 1
37 102 6
37 103 3
37 104 2
37 105 4
37 106 10
37 107 8
37 108 1
37 109 8
37 110 1
37 111 2
37 112 3
37 113 7
37 114 6
37 115 6
37 116 6
37 117 6
37 118 6
37 119 6
37 120 6
37 121 6
37 122 6
37 123 6
37 124 6
37 125 6
38 39 6
38 40 1
38 41 4
38 42 4
38 43 7
38 44 2
38 45 2
38 46 4
38 47 1
38 48 2
38 49 2
38 50 8
38 51 6
38 52 4
38 53 2
38 54 3
38 55 6
38 56 6
38 57 2
38 58 1
38 59 2
38 60 2
38 61 2
38 62 6
38 63 2
38 64 2
38 65 4
38 66 2
38 67 2
38 68 2
38 69 7
38 70 8
38 71 7
38 72 2
38 73 6
38 74 2
38 75 7
38 76 8
38 77 8
38 78 2
38 79 5
38 80 6
38 81 1
38 82 5
38 83 3
38 84 4
38 85 2
38 86 6
38 87 3
38 88 5
38 89 7
38 90 2
38 91 4
38 92 2
38 93 2
38 94 4
38 95 2
38 96 1
38 97 4
38 98 3
38 99 2
38 100 10
38 101 2
38 102 6
38 103 6
38 104 2
38 105 4
38 106 4
38 107 8
38 108 2
38 109 6
38 110 4
38 111 8
38 112 8
38 113 8
38 114 8
38 115 8
38 116 8
38 117 8
38 118 8
38 119 8
38 120 8
38 121 8
38 122 8
38 123 8
38 124 8
38 125 8
39 40 7
39 41 5
39 42 4
39 43 6
39 44 6
39 45 6
39 46 5
39 47 5
39 48 4
39 49 6
39 50 6
39 51 7
39 52 6
39 53 4
39 54 2
39 55 6
39 56 6
39 57 7
39 58 6
39 59 2
39 60 6
39 61 5
39 62 6
39 63 6
39 64 6
39 65 4
39 66 5
39 67 8
39 68 4
39 69 2
39 70 6
39 71 2
39 72 4
39 73 5
39 74 6
39 75 7
39 76 6
39 77 3
39 78 6
39 79 6
39 80 6
39 81 6
39 82 6
39 83 2
39 84 6
39 85 6
39 86 6
39 87 6
39 88 7
39 89 6
39 90 6
39 91 6
39 92 6
39 93 6
39 94 6
39 95 2
39 96 6
39 97 5
39 98 2
39 99 6
39 100 4
39 101 6
39 102 6
39 103 4
39 104 6
39 105 5
39 106 6
39 107 6
39 108 6
39 109 6
39 110 9
39 111 6
39 112 7
39 113 6
39 114 6
39 115 4
39 116 6
39 117 8
39 118 6
39 119 5
39 120 7
39 121 6
39 122 6
39 123 6
39 124 6
39 125 6
40 41 6
40 42 4
40 43 6
40 44 2
40 45 6
40 46 6
40 47 2
40 48 4
40 49 5
40 50 2
40 51 6
40 52 10
40 53 4
40 54 7
40 55 8
40 56 6
40 57 6
40 58 2
40 59 2
40 60 2
40 61 6
40 62 6
40 63 6
40 64 6
40 65 4
40 66 10
40 67 6
40 68 2
40 69 6
40 70 4
40 71 6
40 72 10
40 73 6
40 74 8
40 75 6
40 76 4
40 77 5
40 78 6
40 79 4
40 80 6
40 81 5
40 82 5
40 83 4
40 84 6
40 85 6
40 86 7
40 87 1
40 88 4
40 89 8
40 90 5
40 91 7
40 92 6
40 93 6
40 94 4
40 95 2
40 96 6
40 97 6
40 98 2
40 99 6
40 100 6
40 101 1
40 102 6
40 103 3
40 104 8
40 105 10
40 106 4
40 107 7
40 108 6
40 109 7
40 110 9
40 111 7
40 112 4
40 113 7
40 114 6
40 115 6
40 116 6
40 117 5
40 118 6
40 119 7
40 120 6
40 121 6
40 122 7
40 123 6
40 124 7
40 125 6
41 42 6
41 43 7
41 44 4
41 45 2
41 46 3
41 47 2
41 48 7
41 49 2
41 50 6
41 51 6
41 52 6
41 53 8
41 54 8
41 55 7
41 56 6
41 57 6
41 58 2
41 59 3
41 60 6
41 61 2
41 62 2
41 63 6
41 64 2
41 65 4
41 66 5
41 67 4
41 68 2
41 69 4
41 70 8
41 71 5
41 72 1
41 73 6
41 74 1
41 75 8
41 76 6
41 77 6
41 78 6
41 79 6
41 80 5
41 81 4
41 82 2
41 83 6
41 84 6
41 85 2
41 86 6
41 87 8
41 88 2
41 89 6
41 90 2
41 91 2
41 92 2
41 93 6
41 94 6
41 95 9
41 96 6
41 97 8
41 98 8
41 99 2
41 100 8
41 101 2
41 102 6
41 103 6
41 104 2
41 105 6
41 106 8
41 107 6
41 108 2
41 109 10
41 110 6
41 111 6
41 112 8
41 113 5
41 114 6
41 115 6
41 116 6
41 117 6
41 118 6
41 119 6
41 120 6
41 121 5
41 122 7
41 123 6
41 124 6
41 125 6
42 43 7
42 44 2
42 45 5
42 46 8
42 47 2
42 48 4
42 49 2
42 50 8
42 51 8
42 52 7
42 53 6
42 54 6
42 55 4
42 56 6
42 57 6
42 58 2
42 59 2
42 60 4
42 61 2
42 62 9
42 63 4
42 64 4
42 65 2
42 66 4
42 67 4
42 68 2
42 69 4
42 70 2
42 71 6
42 72 9
42 73 8
42 74 4
42 75 2
42 76 4
42 77 4
42 78 6
42 79 4
42 80 4
42 81 6
42 82 4
42 83 2
42 84 4
42 85 4
42 86 5
42 87 2
42 88 8
42 89 7
42 90 4
42 91 7
42 92 5
42 93 6
42 94 2
42 95 2
42 96 5
42 97 8
42 98 8
42 99 4
42 100 3
42 101 2
42 102 7
42 103 4
42 104 4
42 105 4
42 106 3
42 107 10
42 108 4
42 109 8
42 110 8
42 111 8
42 112 4
42 113 6
42 114 6
42 115 6
42 116 6
42 117 5
42 118 6
42 119 6
42 120 6
42 121 6
42 122 6
42 123 6
42 124 6
42 125 8
43 44 8
43 45 4
43 46 5
43 47 4
43 48 4
43 49 3
43 50 6
43 51 7
43 52 2
43 53 6
43 54 8
43 55 6
43 56 5
43 57 8
43 58 6
43 59 2
43 60 6
43 61 4
43 62 6
43 63 8
43 64 6
43 65 4
43 66 4
43 67 4
43 68 4
43 69 4
43 70 10
43 71 6
43 72 4
43 73 7
43 74 4
43 75 9
43 76 10
43 77 10
43 78 6
43 79 9
43 80 4
43 81 6
43 82 4
43 83 6
43 84 8
43 85 4
43 86 6
43 87 8
43 88 6
43 89 5
43 90 4
43 91 4
43 92 4
43 93 6
43 94 8
43 95 2
43 96 6
43 97 8
43 98 7
43 99 6
43 100 1
43 101 2
43 102 8
43 103 6
43 104 4
43 105 6
43 106 10
43 107 6
43 108 5
43 109 9
43 110 6
43 111 4
43 112 9
43 113 4
43 114 4
43 115 4
43 116 4
43 117 4
43 118 4
43 119 3
43 120 5
43 121 4
43 122 4
43 123 4
43 124 4
43 125 5
44 45 4
44 46 4
44 47 2
44 48 2
44 49 6
44 50 3
44 51 6
44 52 6
44 53 3
44 54 2
44 55 3
44 56 3
44 57 6
44 58 8
44 59 3
44 60 2
44 61 5
44 62 1
44 63 6
44 64 6
44 65 4
44 66 4
44 67 7
44 68 2
44 69 2
44 70 2
44 71 2
44 72 3
44 73 4
44 74 3
44 75 6
44 76 4
44 77 4
44 78 5
44 79 4
44 80 2
44 81 2
44 82 3
44 83 2
44 84 8
44 85 3
44 86 6
44 87 2
44 88 2
44 89 6
44 90 3
44 91 2
44 92 2
44 93 2
44 94 4
44 95 2
44 96 4
44 97 4
44 98 2
44 99 2
44 100 2
44 101 2
44 102 7
44 103 3
44 104 4
44 105 8
44 106 7
44 107 4
44 108 2
44 109 6
44 110 8
44 111 2
44 112 8
44 113 6
44 114 6
44 115 6
44 116 8
44 117 9
44 118 2
44 119 4
44 120 3
44 121 2
44 122 6
44 123 2
44 124 2
44 125 2
45 46 8
45 47 2
45 48 6
45 49 4
45 50 6
45 51 4
45 52 6
45 53 4
45 54 4
45 55 8
45 56 6
45 57 8
45 58 8
45 59 2
45 60 6
45 61 7
45 62 8
45 63 6
45 64 6
45 65 2
45 66 6
45 67 6
45 68 4
45 69 1
45 70 4
45 71 2
45 72 6
45 73 6
45 74 9
45 75 6
45 76 4
45 77 1
45 78 6
45 79 4
45 80 6
45 81 6
45 82 6
45 83 4
45 84 6
45 85 5
45 86 8
45 87 6
45 88 6
45 89 8
45 90 7
45 91 9
45 92 7
45 93 6
45 94 5
45 95 2
45 96 7
45 97 8
45 98 2
45 99 6
45 100 5
45 101 2
45 102 4
45 103 2
45 104 8
45 105 6
45 106 6
45 107 6
45 108 8
45 109 6
45 110 5
45 111 7
45 112 4
45 113 6
45 114 6
45 115 6
45 116 6
45 117 6
45 118 6
45 119 6
45 120 6
45 121 5
45 122 7
45 123 6
45 124 6
45 125 8
46 47 2
46 48 4
46 49 6
46 50 6
46 51 6
46 52 8
46 53 4
46 54 6
46 55 6
46 56 6
46 57 2
46 58 6
46 59 3
46 60 2
46 61 5
46 62 7
46 63 6
46 64 7
46 65 2
46 66 6
46 67 6
46 68 4
46 69 2
46 70 3
46 71 6
46 72 2
46 73 6
46 74 2
46 75 4
46 76 6
46 77 6
46 78 6
46 79 8
46 80 4
46 81 2
46 82 6
46 83 8
46 84 2
46 85 6
46 86 6
46 87 3
46 88 4
46 89 6
46 90 6
46 91 6
46 92 6
46 93 6
46 94 2
46 95 2
46 96 6
46 97 8
46 98 5
46 99 6
46 100 2
46 101 3
46 102 6
46 103 6
46 104 4
46 105 4
46 106 5
46 107 6
46 108 5
46 109 6
46 110 4
46 111 6
46 112 7
46 113 6
46 114 6
46 115 8
46 116 6
46 117 6
46 118 6
46 119 8
46 120 6
46 121 6
46 122 6
46 123 6
46 124 6
46 125 8
47 48 2
47 49 1
47 50 5
47 51 2
47 52 2
47 53 2
47 54 2
47 55 2
47 56 2
47 57 2
47 58 2
47 59 2
47 60 8
47 61 2
47 62 4
47 63 2
47 64 8
47 65 1
47 66 2
47 67 2
47 68 2
47 69 1
47 70 10
47 71 8
47 72 3
47 73 2
47 74 2
47 75 1
47 76 6
47 77 2
47 78 2
47 79 6
47 80 2
47 81 2
47 82 2
47 83 2
47 84 2
47 85 2
47 86 2
47 87 2
47 88 2
47 89 2
47 90 2
47 91 2
47 92 2
47 93 6
47 94 2
47 95 3
47 96 3
47 97 2
47 98 8
47 99 2
47 100 5
47 101 2
47 102 3
47 103 2
47 104 2
47 105 4
47 106 7
47 107 2
47 108 2
47 109 8
47 110 1
47 111 2
47 112 4
47 113 2
47 114 2
47 115 2
47 116 3
47 117 2
47 118 2
47 119 2
47 120 3
47 121 1
47 122 2
47 123 2
47 124 3
47 125 3
48 49 2
48 50 9
48 51 6
48 52 4
48 53 4
48 54 2
48 55 8
48 56 8
48 57 2
48 58 8
48 59 1
48 60 2
48 61 6
48 62 2
48 63 6
48 64 8
48 65 4
48 66 8
48 67 4
48 68 6
48 69 2
48 70 2
48 71 2
48 72 6
48 73 6
48 74 8
48 75 10
48 76 5
48 77 4
48 78 8
48 79 4
48 80 6
48 81 4
48 82 5
48 83 8
48 84 4
48 85 6
48 86 8
48 87 2
48 88 2
48 89 7
48 90 4
48 91 4
48 92 4
48 93 4
48 94 2
48 95 2
48 96 6
48 97 4
48 98 2
48 99 7
48 100 2
48 101 2
48 102 4
48 103 1
48 104 4
48 105 3
48 106 3
48 107 2
48 108 6
48 109 8
48 110 2
48 111 8
48 112 6
48 113 7
48 114 7
48 115 4
48 116 8
48 117 7
48 118 8
48 119 10
48 120 6
48 121 6
48 122 8
48 123 6
48 124 9
48 125 10
49 50 7
49 51 6
49 52 6
49 53 4
49 54 8
49 55 4
49 56 6
49 57 4
49 58 4
49 59 10
49 60 6
49 61 4
49 62 6
49 63 5
49 64 6
49 65 4
49 66 8
49 67 8
49 68 4
49 69 7
49 70 2
49 71 2
49 72 8
49 73 8
49 74 2
49 75 6
49 76 4
49 77 8
49 78 4
49 79 2
49 80 6
49 81 5
49 82 4
49 83 8
49 84 6
49 85 6
49 86 4
49 87 8
49 88 4
49 89 4
49 90 8
49 91 4
49 92 4
49 93 4
49 94 9
49 95 1
49 96 6
49 97 4
49 98 6
49 99 2
49 100 2
49 101 2
49 102 6
49 103 3
49 104 10
49 105 5
49 106 2
49 107 6
49 108 2
49 109 2
49 110 4
49 111 6
49 112 3
49 113 6
49 114 6
49 115 6
49 116 6
49 117 6
49 118 6
49 119 6
49 120 6
49 121 6
49 122 6
49 123 5
49 124 7
49 125 5
50 51 6
50 52 2
50 53 9
50 54 6
50 55 3
50 56 6
50 57 6
50 58 2
50 59 2
50 60 6
50 61 2
50 62 8
50 63 2
50 64 6
50 65 2
50 66 2
50 67 7
50 68 2
50 69 4
50 70 7
50 71 6
50 72 1
50 73 6
50 74 2
50 75 5
50 76 6
50 77 7
50 78 6
50 79 8
50 80 6
50 81 4
50 82 6
50 83 2
50 84 2
50 85 2
50 86 6
50 87 4
50 88 8
50 89 6
50 90 2
50 91 6
50 92 2
50 93 5
50 94 2
50 95 8
50 96 2
50 97 8
50 98 8
50 99 4
50 100 6
50 101 1
50 102 2
50 103 6
50 104 4
50 105 6
50 106 8
50 107 5
50 108 3
50 109 6
50 110 6
50 111 6
50 112 8
50 113 6
50 114 7
50 115 6
50 116 6
50 117 6
50 118 6
50 119 6
50 120 6
50 121 6
50 122 6
50 123 6
50 124 6
50 125 6
51 52 6
51 53 4
51 54 6
51 55 6
51 56 6
51 57 6
51 58 2
51 59 2
51 60 7
51 61 6
51 62 6
51 63 6
51 64 6
51 65 4
51 66 6
51 67 6
51 68 4
51 69 6
51 70 8
51 71 6
51 72 4
51 73 6
51 74 5
51 75 6
51 76 6
51 77 5
51 78 5
51 79 5
51 80 6
51 81 6
51 82 6
51 83 6
51 84 6
51 85 6
51 86 5
51 87 8
51 88 6
51 89 6
51 90 6
51 91 6
51 92 7
51 93 6
51 94 9
51 95 6
51 96 6
51 97 7
51 98 8
51 99 7
51 100 8
51 101 2
51 102 6
51 103 2
51 104 7
51 105 7
51 106 8
51 107 5
51 108 5
51 109 6
51 110 2
51 111 6
51 112 4
51 113 6
51 114 6
51 115 6
51 116 5
51 117 6
51 118 6
51 119 6
51 120 6
51 121 6
51 122 6
51 123 6
51 124 7
51 125 6
52 53 4
52 54 1
52 55 8
52 56 6
52 57 7
52 58 6
52 59 1
52 60 6
52 61 6
52 62 8
52 63 6
52 64 7
52 65 3
52 66 10
52 67 8
52 68 6
52 69 6
52 70 5
52 71 6
52 72 9
52 73 7
52 74 10
52 75 6
52 76 6
52 77 6
52 78 5
52 79 5
52 80 6
52 81 6
52 82 6
52 83 8
52 84 4
52 85 8
52 86 6
52 87 2
52 88 6
52 89 8
52 90 6
52 91 5
52 92 6
52 93 6
52 94 6
52 95 2
52 96 8
52 97 8
52 98 2
52 99 6
52 100 5
52 101 2
52 102 5
52 103 2
52 104 6
52 105 7
52 106 6
52 107 6
52 108 7
52 109 6
52 110 9
52 111 6
52 112 4
52 113 6
52 114 6
52 115 5
52 116 6
52 117 6
52 118 6
52 119 8
52 120 6
52 121 8
52 122 6
52 123 8
52 124 6
52 125 6
53 54 6
53 55 8
53 56 4
53 57 7
53 58 3
53 59 2
53 60 7
53 61 2
53 62 8
53 63 4
53 64 6
53 65 4
53 66 4
53 67 4
53 68 4
53 69 8
53 70 6
53 71 4
53 72 3
53 73 6
53 74 2
53 75 5
53 76 4
53 77 2
53 78 3
53 79 10
53 80 5
53 81 4
53 82 4
53 83 4
53 84 2
53 85 4
53 86 8
53 87 6
53 88 4
53 89 6
53 90 4
53 91 4
53 92 4
53 93 6
53 94 2
53 95 5
53 96 4
53 97 6
53 98 2
53 99 4
53 100 10
53 101 2
53 102 6
53 103 2
53 104 4
53 105 6
53 106 10
53 107 6
53 108 3
53 109 4
53 110 4
53 111 6
53 112 10
53 113 4
53 114 6
53 115 4
53 116 4
53 117 4
53 118 7
53 119 4
53 120 4
53 121 4
53 122 4
53 123 4
53 124 4
53 125 4
54 55 4
54 56 6
54 57 2
54 58 2
54 59 10
54 60 3
54 61 6
54 62 8
54 63 5
54 64 2
54 65 3
54 66 6
54 67 7
54 68 2
54 69 10
54 70 8
54 71 6
54 72 4
54 73 8
54 74 1
54 75 4
54 76 8
54 77 6
54 78 6
54 79 6
54 80 6
54 81 6
54 82 2
54 83 10
54 84 2
54 85 4
54 86 6
54 87 2
54 88 6
54 89 8
54 90 2
54 91 3
54 92 6
54 93 4
54 94 8
54 95 2
54 96 2
54 97 6
54 98 1
54 99 2
54 100 10
54 101 2
54 102 2
54 103 10
54 104 2
54 105 6
54 106 8
54 107 8
54 108 5
54 109 6
54 110 4
54 111 6
54 112 6
54 113 6
54 114 6
54 115 5
54 116 6
54 117 6
54 118 5
54 119 6
54 120 6
54 121 7
54 122 6
54 123 6
54 124 6
54 125 6
55 56 6
55 57 6
55 58 1
55 59 4
55 60 6
55 61 6
55 62 10
55 63 6
55 64 6
55 65 4
55 66 6
55 67 6
55 68 5
55 69 5
55 70 4
55 71 4
55 72 10
55 73 6
55 74 7
55 75 8
55 76 7
55 77 6
55 78 6
55 79 4
55 80 6
55 81 6
55 82 6
55 83 4
55 84 2
55 85 6
55 86 8
55 87 8
55 88 7
55 89 8
55 90 6
55 91 10
55 92 6
55 93 6
55 94 6
55 95 2
55 96 6
55 97 9
55 98 6
55 99 5
55 100 4
55 101 2
55 102 6
55 103 2
55 104 7
55 105 10
55 106 10
55 107 6
55 108 6
55 109 8
55 110 10
55 111 5
55 112 6
55 113 6
55 114 6
55 115 6
55 116 7
55 117 6
55 118 5
55 119 6
55 120 6
55 121 8
55 122 6
55 123 5
55 124 6
55 125 6
56 57 6
56 58 5
56 59 2
56 60 6
56 61 3
56 62 5
56 63 5
56 64 6
56 65 4
56 66 8
56 67 6
56 68 2
56 69 5
56 70 5
56 71 6
56 72 6
56 73 6
56 74 6
56 75 6
56 76 6
56 77 6
56 78 6
56 79 6
56 80 6
56 81 6
56 82 6
56 83 6
56 84 4
56 85 6
56 86 6
56 87 8
56 88 8
56 89 5
56 90 7
56 91 6
56 92 7
56 93 6
56 94 2
56 95 2
56 96 6
56 97 6
56 98 1
56 99 6
56 100 6
56 101 3
56 102 6
56 103 4
56 104 6
56 105 7
56 106 6
56 107 6
56 108 2
56 109 6
56 110 3
56 111 5
56 112 4
56 113 7
56 114 6
56 115 6
56 116 6
56 117 6
56 118 6
56 119 7
56 120 6
56 121 7
56 122 7
56 123 6
56 124 6
56 125 6
57 58 3
57 59 2
57 60 6
57 61 6
57 62 6
57 63 7
57 64 6
57 65 4
57 66 6
57 67 6
57 68 2
57 69 2
57 70 1
57 71 7
57 72 6
57 73 7
57 74 5
57 75 1
57 76 6
57 77 9
57 78 6
57 79 6
57 80 1
57 81 6
57 82 4
57 83 2
57 84 3
57 85 3
57 86 7
57 87 6
57 88 7
57 89 7
57 90 5
57 91 8
57 92 6
57 93 6
57 94 4
57 95 2
57 96 6
57 97 4
57 98 5
57 99 6
57 100 5
57 101 2
57 102 6
57 103 2
57 104 5
57 105 6
57 106 6
57 107 6
57 108 6
57 109 5
57 110 2
57 111 6
57 112 4
57 113 6
57 114 6
57 115 6
57 116 6
57 117 6
57 118 6
57 119 6
57 120 6
57 121 6
57 122 6
57 123 6
57 124 5
57 125 6
58 59 1
58 60 2
58 61 2
58 62 9
58 63 6
58 64 9
58 65 4
58 66 6
58 67 5
58 68 5
58 69 6
58 70 2
58 71 3
58 72 1
58 73 6
58 74 7
58 75 6
58 76 3
58 77 1
58 78 8
58 79 2
58 80 3
58 81 10
58 82 6
58 83 3
58 84 6
58 85 6
58 86 6
58 87 2
58 88 8
58 89 6
58 90 6
58 91 8
58 92 5
58 93 2
58 94 10
58 95 1
58 96 6
58 97 6
58 98 2
58 99 7
58 100 6
58 101 2
58 102 6
58 103 2
58 104 9
58 105 8
58 106 2
58 107 6
58 108 7
58 109 6
58 110 4
58 111 6
58 112 4
58 113 6
58 114 6
58 115 6
58 116 6
58 117 6
58 118 5
58 119 5
58 120 7
58 121 6
58 122 6
58 123 6
58 124 6
58 125 6
59 60 3
59 61 2
59 62 2
59 63 2
59 64 2
59 65 3
59 66 2
59 67 2
59 68 3
59 69 4
59 70 2
59 71 3
59 72 2
59 73 8
59 74 2
59 75 2
59 76 2
59 77 2
59 78 2
59 79 1
59 80 2
59 81 1
59 82 2
59 83 3
59 84 1
59 85 2
59 86 2
59 87 2
59 88 3
59 89 2
59 90 1
59 91 2
59 92 2
59 93 2
59 94 4
59 95 1
59 96 2
59 97 2
59 98 2
59 99 2
59 100 2
59 101 2
59 102 2
59 103 2
59 104 2
59 105 6
59 106 3
59 107 2
59 108 2
59 109 3
59 110 2
59 111 2
59 112 3
59 113 2
59 114 2
59 115 2
59 116 4
59 117 3
59 118 2
59 119 2
59 120 2
59 121 2
59 122 3
59 123 2
59 124 2
59 125 2
60 61 2
60 62 2
60 63 4
60 64 7
60 65 2
60 66 3
60 67 6
60 68 2
60 69 3
60 70 8
60 71 6
60 72 4
60 73 7
60 74 4
60 75 3
60 76 6
60 77 2
60 78 6
60 79 2
60 80 3
60 81 1
60 82 2
60 83 1
60 84 4
60 85 4
60 86 6
60 87 3
60 88 2
60 89 5
60 90 6
60 91 6
60 92 2
60 93 6
60 94 2
60 95 2
60 96 6
60 97 2
60 98 2
60 99 6
60 100 6
60 101 2
60 102 5
60 103 2
60 104 2
60 105 2
60 106 9
60 107 2
60 108 4
60 109 4
60 110 2
60 111 2
60 112 4
60 113 6
60 114 6
60 115 3
60 116 6
60 117 6
60 118 6
60 119 5
60 120 6
60 121 6
60 122 6
60 123 6
60 124 6
60 125 6
61 62 8
61 63 4
61 64 6
61 65 2
61 66 6
61 67 6
61 68 2
61 69 6
61 70 4
61 71 2
61 72 6
61 73 6
61 74 6
61 75 6
61 76 6
61 77 2
61 78 6
61 79 1
61 80 6
61 81 2
61 82 2
61 83 1
61 84 2
61 85 4
61 86 2
61 87 8
61 88 2
61 89 6
61 90 6
61 91 4
61 92 6
61 93 5
61 94 6
61 95 2
61 96 2
61 97 2
61 98 2
61 99 6
61 100 4
61 101 2
61 102 6
61 103 2
61 104 6
61 105 2
61 106 2
61 107 6
61 108 5
61 109 6
61 110 2
61 111 6
61 112 6
61 113 6
61 114 5
61 115 5
61 116 6
61 117 8
61 118 7
61 119 6
61 120 6
61 121 6
61 122 6
61 123 8
61 124 6
61 125 6
62 63 6
62 64 4
62 65 5
62 66 4
62 67 6
62 68 1
62 69 4
62 70 8
62 71 2
62 72 8
62 73 7
62 74 4
62 75 4
62 76 6
62 77 6
62 78 6
62 79 8
62 80 7
62 81 6
62 82 5
62 83 8
62 84 8
62 85 6
62 86 9
62 87 1
62 88 7
62 89 6
62 90 7
62 91 2
62 92 6
62 93 6
62 94 10
62 95 2
62 96 2
62 97 6
62 98 8
62 99 1
62 100 3
62 101 2
62 102 6
62 103 2
62 104 6
62 105 6
62 106 6
62 107 6
62 108 8
62 109 6
62 110 2
62 111 7
62 112 4
62 113 6
62 114 2
62 115 6
62 116 8
62 117 8
62 118 5
62 119 6
62 120 8
62 121 6
62 122 8
62 123 6
62 124 6
62 125 6
63 64 6
63 65 4
63 66 6
63 67 6
63 68 4
63 69 6
63 70 6
63 71 2
63 72 5
63 73 6
63 74 6
63 75 6
63 76 6
63 77 6
63 78 6
63 79 6
63 80 6
63 81 5
63 82 6
63 83 5
63 84 4
63 85 7
63 86 5
63 87 4
63 88 6
63 89 6
63 90 6
63 91 6
63 92 7
63 93 6
63 94 6
63 95 3
63 96 3
63 97 6
63 98 6
63 99 7
63 100 6
63 101 1
63 102 6
63 103 6
63 104 5
63 105 5
63 106 6
63 107 6
63 108 5
63 109 6
63 110 3
63 111 2
63 112 4
63 113 7
63 114 6
63 115 6
63 116 6
63 117 6
63 118 6
63 119 6
63 120 6
63 121 6
63 122 7
63 123 6
63 124 6
63 125 5
64 65 6
64 66 7
64 67 5
64 68 4
64 69 4
64 70 4
64 71 7
64 72 7
64 73 6
64 74 6
64 75 6
64 76 6
64 77 5
64 78 8
64 79 6
64 80 5
64 81 10
64 82 2
64 83 4
64 84 7
64 85 6
64 86 7
64 87 1
64 88 3
64 89 6
64 90 6
64 91 6
64 92 8
64 93 6
64 94 6
64 95 2
64 96 6
64 97 6
64 98 6
64 99 6
64 100 4
64 101 2
64 102 6
64 103 2
64 104 8
64 105 8
64 106 8
64 107 6
64 108 5
64 109 6
64 110 3
64 111 2
64 112 5
64 113 6
64 114 6
64 115 6
64 116 6
64 117 6
64 118 6
64 119 6
64 120 6
64 121 5
64 122 5
64 123 6
64 124 6
64 125 6
65 66 5
65 67 3
65 68 2
65 69 5
65 70 3
65 71 2
65 72 4
65 73 4
65 74 5
65 75 2
65 76 2
65 77 4
65 78 4
65 79 4
65 80 5
65 81 6
65 82 2
65 83 6
65 84 4
65 85 5
65 86 4
65 87 2
65 88 10
65 89 6
65 90 2
65 91 4
65 92 4
65 93 2
65 94 4
65 95 2
65 96 4
65 97 4
65 98 2
65 99 3
65 100 4
65 101 3
65 102 4
65 103 2
65 104 4
65 105 10
65 106 8
65 107 4
65 108 2
65 109 4
65 110 10
65 111 5
65 112 4
65 113 4
65 114 4
65 115 6
65 116 4
65 117 4
65 118 4
65 119 4
65 120 4
65 121 4
65 122 4
65 123 4
65 124 4
65 125 4
66 67 10
66 68 6
66 69 8
66 70 2
66 71 2
66 72 8
66 73 8
66 74 6
66 75 6
66 76 6
66 77 4
66 78 6
66 79 6
66 80 8
66 81 6
66 82 8
66 83 10
66 84 2
66 85 10
66 86 6
66 87 6
66 88 4
66 89 6
66 90 6
66 91 6
66 92 6
66 93 6
66 94 8
66 95 2
66 96 8
66 97 6
66 98 2
66 99 6
66 100 2
66 101 2
66 102 6
66 103 2
66 104 7
66 105 6
66 106 8
66 107 6
66 108 10
66 109 6
66 110 10
66 111 3
66 112 4
66 113 6
66 114 6
66 115 6
66 116 6
66 117 6
66 118 6
66 119 6
66 120 6
66 121 6
66 122 6
66 123 6
66 124 6
66 125 6
67 68 4
67 69 7
67 70 6
67 71 2
67 72 4
67 73 6
67 74 6
67 75 6
67 76 6
67 77 4
67 78 6
67 79 2
67 80 6
67 81 6
67 82 6
67 83 2
67 84 6
67 85 9
67 86 6
67 87 3
67 88 4
67 89 6
67 90 6
67 91 6
67 92 6
67 93 6
67 94 8
67 95 1
67 96 6
67 97 5
67 98 2
67 99 6
67 100 6
67 101 2
67 102 7
67 103 2
67 104 6
67 105 5
67 106 6
67 107 6
67 108 10
67 109 6
67 110 4
67 111 6
67 112 4
67 113 6
67 114 6
67 115 6
67 116 6
67 117 6
67 118 6
67 119 5
67 120 7
67 121 7
67 122 6
67 123 6
67 124 5
67 125 7
68 69 4
68 70 2
68 71 2
68 72 1
68 73 7
68 74 3
68 75 5
68 76 9
68 77 2
68 78 6
68 79 2
68 80 3
68 81 2
68 82 4
68 83 2
68 84 2
68 85 7
68 86 7
68 87 2
68 88 1
68 89 4
68 90 2
68 91 4
68 92 4
68 93 6
68 94 3
68 95 2
68 96 2
68 97 6
68 98 2
68 99 3
68 100 3
68 101 2
68 102 4
68 103 6
68 104 3
68 105 8
68 106 6
68 107 6
68 108 2
68 109 6
68 110 4
68 111 10
68 112 3
68 113 6
68 114 8
68 115 5
68 116 6
68 117 6
68 118 10
68 119 6
68 120 6
68 121 6
68 122 6
68 123 4
68 124 7
68 125 5
69 70 4
69 71 3
69 72 2
69 73 8
69 74 2
69 75 3
69 76 6
69 77 2
69 78 6
69 79 8
69 80 8
69 81 2
69 82 1
69 83 8
69 84 6
69 85 5
69 86 8
69 87 4
69 88 4
69 89 8
69 90 2
69 91 2
69 92 2
69 93 8
69 94 6
69 95 2
69 96 4
69 97 8
69 98 4
69 99 2
69 100 10
69 101 2
69 102 4
69 103 9
69 104 2
69 105 6
69 106 10
69 107 8
69 108 5
69 109 7
69 110 4
69 111 6
69 112 4
69 113 6
69 114 7
69 115 8
69 116 6
69 117 6
69 118 7
69 119 6
69 120 6
69 121 2
69 122 8
69 123 6
69 124 5
69 125 6
70 71 8
70 72 5
70 73 8
70 74 2
70 75 4
70 76 8
70 77 4
70 78 6
70 79 10
70 80 6
70 81 5
70 82 4
70 83 4
70 84 4
70 85 2
70 86 6
70 87 2
70 88 9
70 89 9
70 90 4
70 91 4
70 92 7
70 93 8
70 94 7
70 95 2
70 96 4
70 97 8
70 98 6
70 99 2
70 100 2
70 101 3
70 102 4
70 103 2
70 104 6
70 105 9
70 106 10
70 107 6
70 108 3
70 109 10
70 110 2
70 111 6
70 112 4
70 113 6
70 114 6
70 115 5
70 116 6
70 117 6
70 118 6
70 119 6
70 120 6
70 121 5
70 122 6
70 123 6
70 124 6
70 125 6
71 72 6
71 73 1
71 74 4
71 75 6
71 76 5
71 77 4
71 78 2
71 79 6
71 80 2
71 81 6
71 82 4
71 83 4
71 84 2
71 85 2
71 86 7
71 87 2
71 88 6
71 89 6
71 90 2
71 91 2
71 92 7
71 93 6
71 94 4
71 95 2
71 96 3
71 97 7
71 98 2
71 99 6
71 100 4
71 101 2
71 102 7
71 103 2
71 104 3
71 105 7
71 106 7
71 107 5
71 108 2
71 109 6
71 110 2
71 111 2
71 112 6
71 113 2
71 114 2
71 115 2
71 116 2
71 117 2
71 118 2
71 119 1
71 120 2
71 121 2
71 122 2
71 123 2
71 124 2
71 125 1
72 73 6
72 74 6
72 75 6
72 76 4
72 77 2
72 78 4
72 79 6
72 80 4
72 81 2
72 82 6
72 83 4
72 84 4
72 85 6
72 86 5
72 87 3
72 88 4
72 89 6
72 90 7
72 91 7
72 92 8
72 93 6
72 94 4
72 95 3
72 96 5
72 97 6
72 98 2
72 99 6
72 100 4
72 101 2
72 102 4
72 103 2
72 104 4
72 105 6
72 106 5
72 107 10
72 108 4
72 109 4
72 110 2
72 111 6
72 112 4
72 113 7
72 114 5
72 115 6
72 116 6
72 117 6
72 118 7
72 119 6
72 120 5
72 121 6
72 122 6
72 123 6
72 124 7
72 125 7
73 74 6
73 75 6
73 76 6
73 77 6
73 78 6
73 79 2
73 80 6
73 81 5
73 82 6
73 83 7
73 84 5
73 85 6
73 86 6
73 87 7
73 88 4
73 89 6
73 90 6
73 91 6
73 92 5
73 93 6
73 94 7
73 95 1
73 96 6
73 97 6
73 98 6
73 99 6
73 100 6
73 101 2
73 102 6
73 103 8
73 104 6
73 105 4
73 106 6
73 107 6
73 108 6
73 109 5
73 110 4
73 111 6
73 112 4
73 113 6
73 114 5
73 115 6
73 116 6
73 117 6
73 118 7
73 119 6
73 120 6
73 121 6
73 122 6
73 123 6
73 124 6
73 125 6
74 75 4
74 76 6
74 77 8
74 78 6
74 79 1
74 80 8
74 81 5
74 82 7
74 83 6
74 84 2
74 85 4
74 86 9
74 87 2
74 88 2
74 89 8
74 90 7
74 91 10
74 92 6
74 93 5
74 94 9
74 95 2
74 96 6
74 97 8
74 98 6
74 99 6
74 100 2
74 101 2
74 102 4
74 103 2
74 104 6
74 105 6
74 106 8
74 107 6
74 108 6
74 109 3
74 110 9
74 111 6
74 112 4
74 113 6
74 114 5
74 115 6
74 116 6
74 117 6
74 118 6
74 119 6
74 120 6
74 121 6
74 122 6
74 123 6
74 124 5
74 125 6
75 76 6
75 77 2
75 78 7
75 79 8
75 80 8
75 81 6
75 82 7
75 83 8
75 84 2
75 85 6
75 86 6
75 87 2
75 88 2
75 89 7
75 90 5
75 91 6
75 92 4
75 93 6
75 94 2
75 95 2
75 96 4
75 97 8
75 98 5
75 99 6
75 100 4
75 101 3
75 102 6
75 103 5
75 104 6
75 105 8
75 106 8
75 107 7
75 108 5
75 109 9
75 110 6
75 111 6
75 112 7
75 113 6
75 114 6
75 115 6
75 116 6
75 117 6
75 118 5
75 119 6
75 120 6
75 121 6
75 122 6
75 123 6
75 124 6
75 125 5
76 77 6
76 78 6
76 79 6
76 80 6
76 81 2
76 82 6
76 83 6
76 84 2
76 85 6
76 86 6
76 87 8
76 88 2
76 89 6
76 90 6
76 91 6
76 92 6
76 93 8
76 94 2
76 95 2
76 96 6
76 97 4
76 98 2
76 99 6
76 100 2
76 101 6
76 102 6
76 103 7
76 104 7
76 105 4
76 106 6
76 107 6
76 108 8
76 109 6
76 110 4
76 111 6
76 112 5
76 113 7
76 114 6
76 115 6
76 116 6
76 117 8
76 118 6
76 119 5
76 120 6
76 121 7
76 122 6
76 123 7
76 124 6
76 125 6
77 78 3
77 79 3
77 80 7
77 81 6
77 82 1
77 83 7
77 84 7
77 85 4
77 86 6
77 87 2
77 88 6
77 89 5
77 90 2
77 91 2
77 92 2
77 93 8
77 94 6
77 95 2
77 96 6
77 97 6
77 98 3
77 99 2
77 100 2
77 101 3
77 102 6
77 103 5
77 104 2
77 105 6
77 106 8
77 107 8
77 108 2
77 109 6
77 110 4
77 111 6
77 112 4
77 113 6
77 114 5
77 115 6
77 116 5
77 117 6
77 118 6
77 119 6
77 120 6
77 121 6
77 122 5
77 123 7
77 124 6
77 125 6
78 79 7
78 80 6
78 81 8
78 82 6
78 83 2
78 84 6
78 85 6
78 86 6
78 87 7
78 88 2
78 89 6
78 90 6
78 91 6
78 92 6
78 93 6
78 94 8
78 95 2
78 96 6
78 97 7
78 98 6
78 99 6
78 100 6
78 101 1
78 102 7
78 103 2
78 104 8
78 105 6
78 106 5
78 107 6
78 108 8
78 109 5
78 110 4
78 111 5
78 112 4
78 113 6
78 114 6
78 115 6
78 116 6
78 117 6
78 118 6
78 119 5
78 120 6
78 121 6
78 122 6
78 123 6
78 124 6
78 125 6
79 80 6
79 81 6
79 82 6
79 83 6
79 84 10
79 85 6
79 86 6
79 87 2
79 88 8
79 89 7
79 90 6
79 91 6
79 92 6
79 93 6
79 94 2
79 95 2
79 96 3
79 97 8
79 98 6
79 99 6
79 100 6
79 101 2
79 102 7
79 103 7
79 104 6
79 105 8
79 106 6
79 107 8
79 108 6
79 109 9
79 110 3
79 111 6
79 112 10
79 113 8
79 114 8
79 115 3
79 116 8
79 117 7
79 118 6
79 119 8
79 120 8
79 121 8
79 122 8
79 123 8
79 124 7
79 125 8
80 81 6
80 82 5
80 83 4
80 84 7
80 85 6
80 86 6
80 87 2
80 88 6
80 89 6
80 90 8
80 91 5
80 92 6
80 93 6
80 94 6
80 95 1
80 96 6
80 97 4
80 98 2
80 99 4
80 100 6
80 101 1
80 102 5
80 103 8
80 104 6
80 105 10
80 106 6
80 107 6
80 108 6
80 109 6
80 110 5
80 111 6
80 112 4
80 113 6
80 114 6
80 115 6
80 116 6
80 117 6
80 118 6
80 119 2
80 120 5
80 121 6
80 122 6
80 123 6
80 124 6
80 125 6
81 82 3
81 83 4
81 84 4
81 85 6
81 86 6
81 87 3
81 88 2
81 89 6
81 90 6
81 91 7
81 92 2
81 93 6
81 94 7
81 95 2
81 96 6
81 97 4
81 98 2
81 99 6
81 100 2
81 101 2
81 102 6
81 103 6
81 104 3
81 105 8
81 106 8
81 107 6
81 108 6
81 109 6
81 110 8
81 111 6
81 112 3
81 113 6
81 114 6
81 115 6
81 116 6
81 117 7
81 118 6
81 119 6
81 120 6
81 121 6
81 122 6
81 123 6
81 124 6
81 125 6
82 83 6
82 84 7
82 85 6
82 86 6
82 87 1
82 88 6
82 89 6
82 90 5
82 91 8
82 92 6
82 93 4
82 94 6
82 95 2
82 96 7
82 97 6
82 98 2
82 99 6
82 100 7
82 101 2
82 102 6
82 103 2
82 104 9
82 105 9
82 106 5
82 107 7
82 108 4
82 109 6
82 110 8
82 111 2
82 112 3
82 113 6
82 114 6
82 115 6
82 116 6
82 117 6
82 118 6
82 119 6
82 120 6
82 121 6
82 122 6
82 123 6
82 124 6
82 125 6
83 84 6
83 85 4
83 86 6
83 87 4
83 88 2
83 89 6
83 90 1
83 91 2
83 92 1
83 93 8
83 94 6
83 95 2
83 96 6
83 97 10
83 98 2
83 99 2
83 100 2
83 101 1
83 102 3
83 103 10
83 104 2
83 105 8
83 106 4
83 107 1
83 108 2
83 109 6
83 110 9
83 111 6
83 112 4
83 113 6
83 114 6
83 115 6
83 116 6
83 117 6
83 118 6
83 119 5
83 120 6
83 121 5
83 122 6
83 123 6
83 124 6
83 125 6
84 85 6
84 86 8
84 87 8
84 88 2
84 89 2
84 90 1
84 91 2
84 92 6
84 93 6
84 94 2
84 95 2
84 96 9
84 97 5
84 98 2
84 99 2
84 100 2
84 101 6
84 102 6
84 103 7
84 104 6
84 105 6
84 106 10
84 107 6
84 108 6
84 109 2
84 110 2
84 111 6
84 112 6
84 113 7
84 114 6
84 115 6
84 116 4
84 117 2
84 118 6
84 119 6
84 120 7
84 121 6
84 122 5
84 123 6
84 124 5
84 125 6
85 86 6
85 87 4
85 88 6
85 89 6
85 90 4
85 91 5
85 92 6
85 93 5
85 94 10
85 95 1
85 96 6
85 97 2
85 98 3
85 99 4
85 100 4
85 101 2
85 102 7
85 103 3
85 104 4
85 105 6
85 106 3
85 107 6
85 108 10
85 109 6
85 110 8
85 111 6
85 112 5
85 113 6
85 114 5
85 115 6
85 116 6
85 117 7
85 118 6
85 119 6
85 120 6
85 121 6
85 122 6
85 123 6
85 124 6
85 125 5
86 87 9
86 88 8
86 89 6
86 90 7
86 91 6
86 92 6
86 93 6
86 94 8
86 95 2
86 96 6
86 97 8
86 98 6
86 99 6
86 100 8
86 101 2
86 102 6
86 103 2
86 104 6
86 105 6
86 106 6
86 107 7
86 108 8
86 109 6
86 110 9
86 111 3
86 112 7
86 113 6
86 114 6
86 115 6
86 116 8
86 117 8
86 118 1
86 119 2
86 120 6
86 121 2
86 122 1
86 123 2
86 124 2
86 125 1
87 88 2
87 89 8
87 90 2
87 91 2
87 92 2
87 93 8
87 94 4
87 95 2
87 96 2
87 97 8
87 98 7
87 99 2
87 100 10
87 101 2
87 102 6
87 103 2
87 104 2
87 105 4
87 106 8
87 107 8
87 108 3
87 109 2
87 110 2
87 111 6
87 112 4
87 113 6
87 114 6
87 115 6
87 116 6
87 117 2
87 118 6
87 119 6
87 120 6
87 121 6
87 122 6
87 123 6
87 124 6
87 125 6
88 89 9
88 90 3
88 91 10
88 92 8
88 93 7
88 94 3
88 95 4
88 96 6
88 97 6
88 98 4
88 99 4
88 100 7
88 101 6
88 102 5
88 103 7
88 104 4
88 105 10
88 106 10
88 107 9
88 108 4
88 109 8
88 110 10
88 111 8
88 112 8
88 113 8
88 114 9
88 115 8
88 116 9
88 117 8
88 118 9
88 119 9
88 120 8
88 121 7
88 122 8
88 123 8
88 124 8
88 125 8
89 90 6
89 91 8
89 92 6
89 93 6
89 94 6
89 95 2
89 96 6
89 97 6
89 98 6
89 99 6
89 100 8
89 101 2
89 102 5
89 103 6
89 104 8
89 105 8
89 106 6
89 107 6
89 108 5
89 109 8
89 110 2
89 111 6
89 112 7
89 113 7
89 114 6
89 115 5
89 116 6
89 117 6
89 118 6
89 119 6
89 120 6
89 121 8
89 122 8
89 123 6
89 124 6
89 125 7
90 91 6
90 92 7
90 93 6
90 94 2
90 95 2
90 96 7
90 97 4
90 98 2
90 99 6
90 100 4
90 101 2
90 102 6
90 103 2
90 104 4
90 105 3
90 106 6
90 107 2
90 108 8
90 109 6
90 110 4
90 111 6
90 112 4
90 113 6
90 114 6
90 115 6
90 116 6
90 117 6
90 118 6
90 119 6
90 120 6
90 121 6
90 122 6
90 123 6
90 124 7
90 125 6
91 92 6
91 93 7
91 94 7
91 95 2
91 96 6
91 97 6
91 98 2
91 99 6
91 100 4
91 101 2
91 102 6
91 103 2
91 104 10
91 105 8
91 106 5
91 107 7
91 108 3
91 109 7
91 110 1
91 111 6
91 112 4
91 113 7
91 114 5
91 115 5
91 116 7
91 117 6
91 118 5
91 119 6
91 120 6
91 121 6
91 122 6
91 123 7
91 124 6
91 125 9
92 93 6
92 94 4
92 95 2
92 96 6
92 97 2
92 98 1
92 99 6
92 100 4
92 101 3
92 102 6
92 103 6
92 104 8
92 105 6
92 106 6
92 107 5
92 108 6
92 109 6
92 110 9
92 111 6
92 112 4
92 113 6
92 114 6
92 115 6
92 116 6
92 117 6
92 118 6
92 119 6
92 120 6
92 121 6
92 122 6
92 123 6
92 124 6
92 125 6
93 94 2
93 95 2
93 96 6
93 97 3
93 98 1
93 99 6
93 100 1
93 101 6
93 102 6
93 103 6
93 104 6
93 105 3
93 106 6
93 107 6
93 108 7
93 109 6
93 110 2
93 111 6
93 112 8
93 113 6
93 114 6
93 115 6
93 116 6
93 117 5
93 118 6
93 119 6
93 120 6
93 121 6
93 122 6
93 123 6
93 124 6
93 125 6
94 95 3
94 96 2
94 97 4
94 98 2
94 99 6
94 100 1
94 101 2
94 102 6
94 103 2
94 104 5
94 105 8
94 106 8
94 107 3
94 108 7
94 109 7
94 110 8
94 111 5
94 112 4
94 113 6
94 114 6
94 115 6
94 116 6
94 117 6
94 118 6
94 119 7
94 120 6
94 121 6
94 122 6
94 123 6
94 124 6
94 125 6
95 96 3
95 97 6
95 98 2
95 99 2
95 100 10
95 101 2
95 102 2
95 103 2
95 104 2
95 105 4
95 106 8
95 107 5
95 108 1
95 109 7
95 110 2
95 111 3
95 112 2
95 113 2
95 114 1
95 115 2
95 116 2
95 117 2
95 118 2
95 119 2
95 120 2
95 121 2
95 122 2
95 123 2
95 124 2
95 125 2
96 97 3
96 98 2
96 99 7
96 100 2
96 101 2
96 102 6
96 103 1
96 104 6
96 105 4
96 106 6
96 107 3
96 108 2
96 109 6
96 110 6
96 111 6
96 112 4
96 113 6
96 114 6
96 115 6
96 116 6
96 117 6
96 118 6
96 119 6
96 120 6
96 121 6
96 122 7
96 123 5
96 124 7
96 125 6
97 98 6
97 99 6
97 100 7
97 101 2
97 102 6
97 103 6
97 104 2
97 105 9
97 106 8
97 107 7
97 108 4
97 109 10
97 110 6
97 111 8
97 112 10
97 113 8
97 114 9
97 115 10
97 116 10
97 117 10
97 118 8
97 119 10
97 120 8
97 121 10
97 122 8
97 123 10
97 124 8
97 125 7
98 99 2
98 100 2
98 101 2
98 102 2
98 103 2
98 104 3
98 105 3
98 106 8
98 107 8
98 108 2
98 109 4
98 110 1
98 111 2
98 112 8
98 113 2
98 114 2
98 115 3
98 116 2
98 117 8
98 118 2
98 119 1
98 120 2
98 121 2
98 122 2
98 123 1
98 124 2
98 125 2
99 100 4
99 101 2
99 102 6
99 103 2
99 104 6
99 105 6
99 106 5
99 107 6
99 108 4
99 109 6
99 110 2
99 111 6
99 112 4
99 113 6
99 114 6
99 115 6
99 116 6
99 117 6
99 118 6
99 119 6
99 120 5
99 121 6
99 122 6
99 123 5
99 124 6
99 125 5
100 101 2
100 102 6
100 103 7
100 104 7
100 105 9
100 106 8
100 107 8
100 108 3
100 109 8
100 110 10
100 111 6
100 112 10
100 113 8
100 114 6
100 115 6
100 116 4
100 117 9
100 118 6
100 119 4
100 120 6
100 121 6
100 122 6
100 123 4
100 124 5
100 125 4
101 102 6
101 103 3
101 104 2
101 105 10
101 106 2
101 107 2
101 108 1
101 109 1
101 110 3
101 111 2
101 112 2
101 113 2
101 114 2
101 115 7
101 116 2
101 117 2
101 118 1
101 119 2
101 120 2
101 121 2
101 122 3
101 123 7
101 124 2
101 125 2
102 103 2
102 104 6
102 105 6
102 106 8
102 107 6
102 108 6
102 109 5
102 110 4
102 111 6
102 112 4
102 113 6
102 114 6
102 115 6
102 116 6
102 117 6
102 118 6
102 119 6
102 120 6
102 121 6
102 122 6
102 123 6
102 124 6
102 125 6
103 104 2
103 105 6
103 106 6
103 107 6
103 108 4
103 109 2
103 110 8
103 111 6
103 112 3
103 113 5
103 114 6
103 115 5
103 116 5
103 117 6
103 118 2
103 119 7
103 120 6
103 121 6
103 122 6
103 123 6
103 124 6
103 125 6
104 105 7
104 106 4
104 107 5
104 108 2
104 109 5
104 110 3
104 111 6
104 112 4
104 113 6
104 114 6
104 115 5
104 116 6
104 117 6
104 118 7
104 119 5
104 120 6
104 121 5
104 122 7
104 123 6
104 124 6
104 125 6
105 106 10
105 107 6
105 108 7
105 109 10
105 110 7
105 111 6
105 112 8
105 113 5
105 114 5
105 115 4
105 116 6
105 117 6
105 118 6
105 119 7
105 120 6
105 121 6
105 122 7
105 123 6
105 124 6
105 125 6
106 107 6
106 108 4
106 109 8
106 110 8
106 111 6
106 112 6
106 113 6
106 114 6
106 115 6
106 116 6
106 117 7
106 118 6
106 119 5
106 120 7
106 121 6
106 122 6
106 123 6
106 124 6
106 125 5
107 108 2
107 109 6
107 110 8
107 111 6
107 112 5
107 113 6
107 114 6
107 115 5
107 116 5
107 117 6
107 118 7
107 119 6
107 120 6
107 121 6
107 122 6
107 123 6
107 124 7
107 125 6
108 109 4
108 110 2
108 111 6
108 112 4
108 113 7
108 114 6
108 115 6
108 116 6
108 117 6
108 118 8
108 119 6
108 120 7
108 121 6
108 122 6
108 123 7
108 124 6
108 125 6
109 110 8
109 111 6
109 112 6
109 113 6
109 114 5
109 115 7
109 116 6
109 117 6
109 118 6
109 119 5
109 120 6
109 121 7
109 122 6
109 123 6
109 124 6
109 125 5
110 111 4
110 112 2
110 113 8
110 114 4
110 115 8
110 116 4
110 117 8
110 118 10
110 119 2
110 120 4
110 121 4
110 122 4
110 123 2
110 124 4
110 125 8
111 112 6
111 113 6
111 114 6
111 115 6
111 116 6
111 117 8
111 118 5
111 119 6
111 120 6
111 121 6
111 122 6
111 123 2
111 124 6
111 125 6
112 113 6
112 114 7
112 115 6
112 116 6
112 117 8
112 118 6
112 119 6
112 120 6
112 121 6
112 122 6
112 123 6
112 124 6
112 125 5
113 114 6
113 115 6
113 116 7
113 117 8
113 118 6
113 119 6
113 120 6
113 121 7
113 122 5
113 123 5
113 124 6
113 125 6
114 115 6
114 116 6
114 117 7
114 118 6
114 119 6
114 120 6
114 121 7
114 122 6
114 123 1
114 124 6
114 125 6
115 116 6
115 117 6
115 118 6
115 119 6
115 120 6
115 121 6
115 122 6
115 123 2
115 124 6
115 125 6
116 117 7
116 118 7
116 119 6
116 120 6
116 121 6
116 122 7
116 123 2
116 124 7
116 125 6
117 118 6
117 119 9
117 120 5
117 121 2
117 122 2
117 123 2
117 124 4
117 125 4
118 119 6
118 120 6
118 121 7
118 122 6
118 123 4
118 124 5
118 125 6
119 120 6
119 121 6
119 122 6
119 123 2
119 124 6
119 125 6
120 121 6
120 122 6
120 123 9
120 124 6
120 125 6
121 122 6
121 123 8
121 124 6
121 125 6
122 123 1
122 124 6
122 125 6
123 124 1
123 125 2
124 125 6
0 0 0
