18
0 1 0
1 0 0
2 0 0
3 1 0
4 0 0
5 0 0
6 0 0
7 0 0
8 1 0
9 1 0
10 1 0
11 0 0
12 0 0
13 0 0
14 0 0
15 1 0
16 0 0
17 0 0
0 1 4
0 2 6
0 3 4
0 4 4
0 5 4
0 6 6
0 7 3
0 8 3
0 9 5
0 10 4
0 11 6
0 12 5
0 13 5
0 14 2
0 15 3
0 16 4
0 17 5
1 2 5
1 3 4
1 4 4
1 5 5
1 6 4
1 7 5
1 8 3
1 9 5
1 10 4
1 11 5
1 12 4
1 13 8
1 14 4
1 15 3
1 16 4
1 17 5
2 3 4
2 4 5
2 5 5
2 6 5
2 7 5
2 8 5
2 9 5
2 10 3
2 11 4
2 12 5
2 13 5
2 14 7
2 15 5
2 16 6
2 17 5
3 4 4
3 5 6
3 6 6
3 7 5
3 8 5
3 9 5
3 10 4
3 11 3
3 12 5
3 13 5
3 14 4
3 15 4
3 16 4
3 17 6
4 5 6
4 6 6
4 7 5
4 8 5
4 9 4
4 10 4
4 11 6
4 12 4
4 13 6
4 14 6
4 15 5
4 16 3
4 17 4
5 6 2
5 7 6
5 8 6
5 9 3
5 10 4
5 11 5
5 12 5
5 13 5
5 14 4
5 15 3
5 16 4
5 17 1
6 7 7
6 8 5
6 9 2
6 10 4
6 11 4
6 12 4
6 13 4
6 14 5
6 15 5
6 16 6
6 17 4
7 8 6
7 9 5
7 10 4
7 11 4
7 12 7
7 13 5
7 14 3
7 15 3
7 16 4
7 17 5
8 9 7
8 10 4
8 11 4
8 12 4
8 13 2
8 14 4
8 15 4
8 16 4
8 17 4
9 10 4
9 11 6
9 12 4
9 13 4
9 14 5
9 15 5
9 16 3
9 17 5
10 11 5
10 12 2
10 13 5
10 14 4
10 15 3
10 16 4
10 17 7
11 12 5
11 13 5
11 14 4
11 15 7
11 16 4
11 17 4
12 13 6
12 14 4
12 15 4
12 16 5
12 17 7
13 14 3
13 15 5
13 16 6
13 17 7
14 15 4
14 16 4
14 17 4
15 16 4
15 17 5
16 17 4
0 0 0
1 5 15 57 47 19 8 1 0 0 : 4.555556
n = 18, ave = 5.00, std = 1.00
