32
0 1 0
1 1 0
2 0 0
3 1 0
4 0 0
5 0 0
6 0 0
7 0 0
8 0 0
9 0 0
10 0 0
11 0 0
12 1 0
13 1 0
14 0 0
15 1 0
16 0 0
17 0 0
18 0 0
19 1 0
20 0 0
21 1 0
22 0 0
23 1 0
24 1 0
25 0 0
26 0 0
27 1 0
28 0 1
29 1 1
30 0 1
31 0 1
0 1 6
0 2 1
0 3 1
0 4 3
0 5 7
0 6 5
0 7 3
0 8 4
0 9 6
0 10 3
0 11 5
0 12 1
0 13 5
0 14 3
0 15 6
0 16 3
0 17 10
0 18 3
0 19 1
0 20 4
0 21 5
0 22 4
0 23 7
0 24 5
0 25 7
0 26 7
0 27 5
0 28 5
0 29 1
0 30 4
0 31 5
1 2 5
1 3 10
1 4 7
1 5 10
1 6 7
1 7 4
1 8 10
1 9 8
1 10 6
1 11 5
1 12 7
1 13 4
1 14 1
1 15 7
1 16 7
1 17 2
1 18 3
1 19 4
1 20 9
1 21 8
1 22 9
1 23 5
1 24 6
1 25 4
1 26 3
1 27 9
1 28 3
1 29 8
1 30 10
1 31 7
2 3 1
2 4 4
2 5 1
2 6 8
2 7 8
2 8 1
2 9 2
2 10 6
2 11 7
2 12 6
2 13 3
2 14 1
2 15 4
2 16 1
2 17 10
2 18 5
2 19 1
2 20 2
2 21 2
2 22 2
2 23 4
2 24 6
2 25 5
2 26 10
2 27 4
2 28 8
2 29 7
2 30 3
2 31 4
3 4 10
3 5 5
3 6 1
3 7 1
3 8 2
3 9 6
3 10 10
3 11 2
3 12 3
3 13 4
3 14 1
3 15 2
3 16 3
3 17 4
3 18 2
3 19 3
3 20 8
3 21 3
3 22 3
3 23 5
3 24 5
3 25 1
3 26 5
3 27 7
3 28 1
3 29 5
3 30 3
3 31 1
4 5 4
4 6 10
4 7 5
4 8 7
4 9 4
4 10 10
4 11 3
4 12 3
4 13 8
4 14 4
4 15 4
4 16 6
4 17 10
4 18 1
4 19 7
4 20 9
4 21 10
4 22 3
4 23 4
4 24 3
4 25 3
4 26 5
4 27 3
4 28 5
4 29 5
4 30 8
4 31 5
5 6 4
5 7 1
5 8 5
5 9 2
5 10 7
5 11 9
5 12 10
5 13 1
5 14 1
5 15 5
5 16 1
5 17 2
5 18 10
5 19 10
5 20 1
5 21 6
5 22 4
5 23 7
5 24 1
5 25 7
5 26 5
5 27 2
5 28 9
5 29 1
5 30 3
5 31 9
6 7 8
6 8 3
6 9 6
6 10 1
6 11 6
6 12 8
6 13 1
6 14 6
6 15 7
6 16 1
6 17 3
6 18 4
6 19 1
6 20 4
6 21 1
6 22 8
6 23 2
6 24 4
6 25 3
6 26 8
6 27 4
6 28 1
6 29 8
6 30 3
6 31 5
7 8 8
7 9 5
7 10 4
7 11 5
7 12 8
7 13 3
7 14 1
7 15 1
7 16 9
7 17 9
7 18 2
7 19 1
7 20 1
7 21 3
7 22 5
7 23 5
7 24 4
7 25 5
7 26 1
7 27 7
7 28 2
7 29 5
7 30 1
7 31 4
8 9 7
8 10 4
8 11 2
8 12 7
8 13 4
8 14 5
8 15 10
8 16 4
8 17 1
8 18 3
8 19 2
8 20 7
8 21 5
8 22 10
8 23 6
8 24 3
8 25 4
8 26 6
8 27 9
8 28 1
8 29 5
8 30 3
8 31 4
9 10 1
9 11 6
9 12 8
9 13 10
9 14 1
9 15 4
9 16 5
9 17 1
9 18 1
9 19 6
9 20 4
9 21 4
9 22 7
9 23 7
9 24 7
9 25 1
9 26 4
9 27 5
9 28 9
9 29 1
9 30 6
9 31 2
10 11 3
10 12 3
10 13 10
10 14 5
10 15 5
10 16 1
10 17 7
10 18 4
10 19 5
10 20 6
10 21 10
10 22 3
10 23 6
10 24 8
10 25 8
10 26 1
10 27 4
10 28 1
10 29 5
10 30 1
10 31 2
11 12 5
11 13 2
11 14 3
11 15 9
11 16 8
11 17 5
11 18 8
11 19 1
11 20 1
11 21 5
11 22 4
11 23 1
11 24 9
11 25 1
11 26 4
11 27 6
11 28 4
11 29 7
11 30 8
11 31 10
12 13 1
12 14 1
12 15 4
12 16 3
12 17 1
12 18 10
12 19 7
12 20 7
12 21 4
12 22 10
12 23 7
12 24 1
12 25 7
12 26 4
12 27 4
12 28 3
12 29 9
12 30 5
12 31 8
13 14 8
13 15 6
13 16 10
13 17 4
13 18 7
13 19 10
13 20 7
13 21 4
13 22 6
13 23 8
13 24 10
13 25 7
13 26 2
13 27 8
13 28 6
13 29 2
13 30 4
13 31 7
14 15 8
14 16 2
14 17 4
14 18 4
14 19 10
14 20 4
14 21 1
14 22 5
14 23 5
14 24 8
14 25 6
14 26 6
14 27 3
14 28 3
14 29 2
14 30 7
14 31 1
15 16 5
15 17 8
15 18 4
15 19 8
15 20 8
15 21 10
15 22 3
15 23 9
15 24 3
15 25 1
15 26 4
15 27 7
15 28 1
15 29 3
15 30 10
15 31 6
16 17 4
16 18 3
16 19 7
16 20 2
16 21 6
16 22 8
16 23 1
16 24 7
16 25 1
16 26 3
16 27 10
16 28 4
16 29 10
16 30 3
16 31 5
17 18 3
17 19 3
17 20 5
17 21 5
17 22 1
17 23 7
17 24 2
17 25 1
17 26 6
17 27 4
17 28 5
17 29 10
17 30 1
17 31 7
18 19 2
18 20 3
18 21 10
18 22 4
18 23 1
18 24 5
18 25 1
18 26 6
18 27 4
18 28 1
18 29 5
18 30 8
18 31 10
19 20 9
19 21 7
19 22 6
19 23 1
19 24 5
19 25 7
19 26 5
19 27 5
19 28 5
19 29 5
19 30 3
19 31 1
20 21 8
20 22 4
20 23 4
20 24 4
20 25 9
20 26 7
20 27 3
20 28 1
20 29 8
20 30 9
20 31 6
21 22 5
21 23 1
21 24 7
21 25 5
21 26 5
21 27 5
21 28 5
21 29 7
21 30 10
21 31 1
22 23 5
22 24 6
22 25 10
22 26 1
22 27 1
22 28 8
22 29 1
22 30 9
22 31 1
23 24 3
23 25 3
23 26 4
23 27 9
23 28 2
23 29 5
23 30 6
23 31 3
24 25 7
24 26 9
24 27 10
24 28 10
24 29 5
24 30 6
24 31 8
25 26 6
25 27 6
25 28 9
25 29 5
25 30 10
25 31 7
26 27 1
26 28 2
26 29 3
26 30 4
26 31 2
27 28 5
27 29 6
27 30 3
27 31 4
28 29 7
28 30 4
28 31 3
29 30 2
29 31 4
30 31 6
0 0 0
80 31 58 68 70 40 50 37 22 40 : 4.883065
n = 32, ave = 5.00, std = 3.00
