24/10/28 10:27:00
data.txt
0,4,6,15g,56,79g,9 6 10 10 10 10 ,53.0,55,2,2,0,
1,4,14g,23,38g,103H,7 7 6 7 6 7 ,36.0,40,2,2,1,
2,4,18g,74g,82,104H,9 10 6 9 10 9 ,51.0,53,2,2,1,
3,4,64,65g,71g,87,6 7 10 8 10 7 ,46.0,48,2,2,0,
4,4,3,5,59g,69g,9 9 8 10 9 9 ,54.0,54,2,2,0,
5,4,27,47g,50g,84,6 9 7 8 6 6 ,36.0,42,2,2,0,
6,4,25,33,39,94H,7 10 10 6 6 10 ,45.0,49,0,4,1,
7,4,0g,77g,86,98H,8 6 6 7 7 8 ,38.0,42,2,2,1,
8,4,10g,53,76,101gH,10 8 8 7 7 7 ,47.0,47,2,2,1,
9,4,35,36g,68g,99H,7 10 9 7 6 9 ,46.0,48,2,2,1,
10,4,22g,46,60,91g,8 9 6 9 8 6 ,42.0,46,2,2,0,
11,4,2,21,45g,80g,6 6 6 6 6 7 ,27.0,37,2,2,0,
12,4,16,32,41g,96gH,10 10 10 10 10 9 ,59.0,59,2,2,1,
13,4,26,40g,48g,106H,7 10 6 7 6 7 ,39.0,43,2,2,1,
14,4,17g,24,61g,81,9 7 9 9 10 6 ,48.0,50,2,2,0,
15,4,1,44,57g,85g,8 9 8 9 10 10 ,54.0,54,2,2,0,
16,4,31g,34g,58g,100gH,8 6 6 6 6 6 ,28.0,38,4,0,1,
17,4,11g,29,30g,42,9 8 7 8 7 7 ,46.0,46,2,2,0,
18,4,8g,13g,51,67,10 8 10 8 10 6 ,50.0,52,2,2,0,
19,4,4,28g,70,92g,9 8 9 10 9 10 ,55.0,55,2,2,0,
20,4,43,55,66g,107gH,7 6 6 6 8 10 ,37.0,43,2,2,1,
21,4,52,72g,78,88g,7 6 8 7 6 6 ,34.0,40,2,2,0,
22,4,12,19g,63,105gH,8 9 10 8 6 7 ,46.0,48,2,2,1,
23,4,9,83,95H,97H,6 9 9 9 10 6 ,45.0,49,0,4,2,
24,4,7g,54g,89g,102gH,7 7 8 10 8 8 ,48.0,48,4,0,1,
25,4,20,37,62,75,8 8 8 8 8 7 ,47.0,47,0,4,0,
26,4,49,73g,90g,93,9 9 6 6 6 10 ,40.0,46,2,2,0,
Total Value = 1197.0
Minimum Compatibility = 6
Total Compatibility = 1279
24/10/28 10:32:02
-----
data.txt
0,4,4,11g,79g,99H,8 10 9 9 7 7 ,50.0,50,2,2,1,
1,4,29,30g,74g,75,8 10 7 6 6 10 ,43.0,47,2,2,0,
2,4,34g,37,38g,55,8 6 10 10 10 6 ,46.0,50,2,2,0,
3,4,5,68g,69g,78,6 9 7 9 10 9 ,48.0,50,2,2,0,
4,4,3,20,47g,107gH,7 10 9 7 10 6 ,47.0,49,2,2,1,
5,4,15g,18g,21,67,9 6 8 6 6 6 ,33.0,41,2,2,0,
6,4,12,63,71g,105gH,9 6 10 7 7 7 ,44.0,46,2,2,1,
7,4,16,32,41g,73g,10 10 9 10 9 10 ,58.0,58,2,2,0,
8,4,24,61g,80g,104H,9 10 6 7 10 10 ,50.0,52,2,2,1,
9,4,13g,28g,64,106H,10 8 9 6 7 9 ,47.0,49,2,2,1,
10,4,52,54g,76,101gH,8 7 7 7 9 7 ,45.0,45,2,2,1,
11,4,45g,53,59g,84,6 8 6 6 9 6 ,33.0,41,2,2,0,
12,4,25,39,81,94H,10 6 10 6 10 6 ,42.0,48,0,4,1,
13,4,8g,77g,92g,96gH,8 10 8 6 6 8 ,42.0,46,4,0,1,
14,4,27,46,56,86,8 6 6 7 9 6 ,36.0,42,0,4,0,
15,4,22g,58g,60,93,10 9 8 10 6 8 ,49.0,51,2,2,0,
16,4,2,35,36g,40g,7 6 6 7 6 8 ,34.0,40,2,2,0,
17,4,6,14g,19g,70,7 8 6 6 6 8 ,35.0,41,2,2,0,
18,4,17g,23,33,88g,6 10 9 6 7 9 ,43.0,47,2,2,0,
19,4,9,26,62,95H,9 9 9 10 8 10 ,55.0,55,0,4,1,
20,4,49,51,72g,100gH,8 7 9 8 8 7 ,47.0,47,2,2,1,
21,4,31g,43,66g,98H,10 6 8 6 8 6 ,38.0,44,2,2,1,
22,4,0g,83,91g,97H,7 6 7 9 10 9 ,46.0,48,2,2,1,
23,4,7g,10g,89g,102gH,8 7 8 8 10 8 ,49.0,49,4,0,1,
24,4,42,48g,90g,103H,7 6 6 10 6 6 ,33.0,41,2,2,1,
25,4,1,44,57g,85g,8 9 8 9 10 10 ,54.0,54,2,2,0,
26,4,50g,65g,82,87,6 10 6 10 10 9 ,47.0,51,2,2,0,
Total Value = 1194.0
Minimum Compatibility = 6
Total Compatibility = 1282
24/10/28 10:37:04
-----
data.txt
0,4,0g,22g,59g,77g,6 10 8 7 6 6 ,37.0,43,4,0,0,
1,4,16,19g,31g,94H,6 10 6 8 10 6 ,40.0,46,2,2,1,
2,4,5,53,67,76,6 9 10 7 7 10 ,47.0,49,0,4,0,
3,4,14g,23,38g,60,7 7 6 7 6 9 ,38.0,42,2,2,0,
4,4,8g,18g,30g,36g,7 7 7 7 6 7 ,39.0,41,4,0,0,
5,4,25,39,75,103H,10 8 10 7 6 6 ,43.0,47,0,4,1,
6,4,6,64,83,93,6 7 9 7 6 6 ,35.0,41,0,4,0,
7,4,11g,68g,78,99H,9 6 7 10 9 9 ,48.0,50,2,2,1,
8,4,40g,56,61g,95H,7 10 8 6 7 7 ,43.0,45,2,2,1,
9,4,20,43,47g,107gH,10 7 10 6 6 6 ,39.0,45,2,2,1,
10,4,4,29,35,70,7 10 8 6 10 8 ,47.0,49,0,4,0,
11,4,26,32,41g,96gH,9 8 10 10 10 9 ,56.0,56,2,2,1,
12,4,12,63,69g,71g,9 10 6 10 7 9 ,49.0,51,2,2,0,
13,4,15g,44,79g,97H,7 10 7 6 9 6 ,41.0,45,2,2,1,
14,4,10g,54g,89g,102gH,6 8 10 10 8 8 ,48.0,50,4,0,1,
15,4,3,42,45g,101gH,6 9 10 6 7 10 ,44.0,48,2,2,1,
16,4,17g,24,33,80g,9 10 9 9 10 9 ,56.0,56,2,2,0,
17,4,13g,28g,37,106H,10 10 9 10 7 6 ,50.0,52,2,2,1,
18,4,34g,65g,82,87,6 6 7 10 10 9 ,44.0,48,2,2,0,
19,4,52,58g,86,88g,6 8 8 9 6 9 ,42.0,46,2,2,0,
20,4,27,50g,84,91g,9 7 6 6 9 10 ,43.0,47,2,2,0,
21,4,9,62,90g,105gH,9 9 9 10 9 7 ,53.0,53,2,2,1,
22,4,1,46,57g,85g,6 9 8 6 7 10 ,42.0,46,2,2,0,
23,4,55,66g,73g,98H,6 10 10 7 6 6 ,39.0,45,2,2,1,
24,4,74g,81,92g,104H,6 10 10 10 9 8 ,51.0,53,2,2,1,
25,4,49,51,72g,100gH,8 7 9 8 8 7 ,47.0,47,2,2,1,
26,4,2,7g,21,48g,10 6 6 6 7 7 ,36.0,42,2,2,0,
Total Value = 1197.0
Minimum Compatibility = 6
Total Compatibility = 1283
24/10/28 10:42:07
-----
data.txt
0,4,14g,23,38g,60,7 7 6 7 6 9 ,38.0,42,2,2,0,
1,4,5,88g,91g,97H,6 10 7 8 9 9 ,47.0,49,2,2,1,
2,4,1,44,57g,85g,8 9 8 9 10 10 ,54.0,54,2,2,0,
3,4,28g,34g,37,87,8 10 6 8 7 6 ,41.0,45,2,2,0,
4,4,16,24,25,33,9 7 10 7 9 7 ,49.0,49,0,4,0,
5,4,4,18g,74g,82,7 9 7 9 10 9 ,51.0,51,2,2,0,
6,4,0g,17g,19g,80g,6 7 7 6 9 6 ,35.0,41,4,0,0,
7,4,13g,20,43,107gH,8 7 7 10 10 6 ,46.0,48,2,2,1,
8,4,70,81,92g,96gH,9 10 7 10 6 8 ,48.0,50,2,2,1,
9,4,27,46,50g,54g,8 9 6 6 9 8 ,42.0,46,2,2,0,
10,4,3,8g,52,101gH,10 7 10 6 9 7 ,47.0,49,2,2,1,
11,4,35,68g,69g,78,10 6 6 9 10 9 ,46.0,50,2,2,0,
12,4,12,55,66g,73g,9 6 7 6 10 7 ,41.0,45,2,2,0,
13,4,53,56,76,84,10 7 9 6 8 8 ,46.0,48,0,4,0,
14,4,11g,15g,36g,79g,8 7 9 6 10 7 ,45.0,47,4,0,0,
15,4,6,64,83,93,6 7 9 7 6 6 ,35.0,41,0,4,0,
16,4,58g,77g,86,98H,6 9 6 7 7 8 ,39.0,43,2,2,1,
17,4,45g,47g,67,106H,8 9 6 10 6 8 ,43.0,47,2,2,1,
18,4,63,65g,71g,99H,6 7 10 8 7 10 ,46.0,48,2,2,1,
19,4,32,41g,90g,95H,10 10 10 10 9 7 ,56.0,56,2,2,1,
20,4,49,51,72g,100gH,8 7 9 8 8 7 ,47.0,47,2,2,1,
21,4,9,31g,62,105gH,9 9 9 9 10 9 ,55.0,55,2,2,1,
22,4,30g,39,59g,103H,9 7 10 8 6 8 ,46.0,48,2,2,1,
23,4,2,21,22g,48g,6 6 6 6 7 9 ,32.0,40,2,2,0,
24,4,26,40g,61g,104H,7 6 7 10 6 10 ,42.0,46,2,2,1,
25,4,7g,10g,89g,102gH,8 7 8 8 10 8 ,49.0,49,4,0,1,
26,4,29,42,75,94H,7 7 7 7 6 6 ,36.0,40,0,4,1,
Total Value = 1202.0
Minimum Compatibility = 6
Total Compatibility = 1274
24/10/28 10:47:08
-----
data.txt
0,4,2,7g,51,72g,10 6 7 7 6 8 ,40.0,44,2,2,0,
1,4,64,65g,71g,87,6 7 10 8 10 7 ,46.0,48,2,2,0,
2,4,23,47g,61g,94H,8 6 6 9 7 7 ,39.0,43,2,2,1,
3,4,5,45g,59g,67,7 10 9 8 9 9 ,52.0,52,2,2,0,
4,4,4,29,42,106H,7 6 7 7 7 6 ,36.0,40,0,4,1,
5,4,9,16,32,81,7 7 7 10 9 6 ,44.0,46,0,4,0,
6,4,20,39,75,97H,6 8 6 7 6 9 ,36.0,42,0,4,1,
7,4,34g,66g,73g,107gH,6 7 9 7 10 7 ,44.0,46,4,0,1,
8,4,28g,37,38g,98H,10 7 8 10 8 7 ,50.0,50,2,2,1,
9,4,19g,33,88g,95H,6 8 8 9 9 10 ,48.0,50,2,2,1,
10,4,0g,24,30g,83,8 6 7 7 9 10 ,45.0,47,2,2,0,
11,4,3,12,25,103H,9 7 6 7 6 10 ,41.0,45,0,4,1,
12,4,22g,58g,60,93,10 9 8 10 6 8 ,49.0,51,2,2,0,
13,4,53,56,76,84,10 7 9 6 8 8 ,46.0,48,0,4,0,
14,4,63,69g,77g,78,10 7 8 6 9 7 ,45.0,47,2,2,0,
15,4,26,41g,62,96gH,8 10 10 9 9 10 ,56.0,56,2,2,1,
16,4,17g,44,55,80g,8 10 9 8 10 9 ,54.0,54,2,2,0,
17,4,10g,54g,89g,102gH,6 8 10 10 8 8 ,48.0,50,4,0,1,
18,4,36g,68g,70,104H,7 7 9 10 9 7 ,49.0,49,2,2,1,
19,4,1,46,57g,85g,6 9 8 6 7 10 ,42.0,46,2,2,0,
20,4,8g,13g,92g,101gH,10 10 9 10 9 9 ,57.0,57,4,0,1,
21,4,11g,15g,74g,79g,8 8 9 8 10 7 ,50.0,50,4,0,0,
22,4,18g,27,50g,82,6 10 10 9 6 10 ,47.0,51,2,2,0,
23,4,6,14g,90g,99H,7 6 8 6 6 7 ,34.0,40,2,2,1,
24,4,40g,48g,52,86,7 6 6 7 9 8 ,39.0,43,2,2,0,
25,4,31g,43,49,100gH,10 8 6 7 7 9 ,45.0,47,2,2,1,
26,4,21,35,91g,105gH,7 6 7 6 6 7 ,33.0,39,2,2,1,
Total Value = 1215.0
Minimum Compatibility = 6
Total Compatibility = 1281
24/10/28 10:52:09
-----
data.txt
0,4,14g,23,38g,103H,7 7 6 7 6 7 ,36.0,40,2,2,1,
1,4,0g,5,27,69g,10 6 9 10 9 9 ,51.0,53,2,2,0,
2,4,63,78,81,94H,8 6 7 6 7 6 ,34.0,40,0,4,1,
3,4,12,33,55,98H,6 9 7 10 6 10 ,44.0,48,0,4,1,
4,4,16,19g,88g,95H,6 9 10 8 8 10 ,49.0,51,2,2,1,
5,4,1,10g,35,85g,10 6 8 7 8 7 ,44.0,46,2,2,0,
6,4,46,50g,58g,60,6 8 9 7 10 10 ,48.0,50,2,2,0,
7,4,21,24,57g,105gH,7 10 7 7 7 6 ,42.0,44,2,2,1,
8,4,6,90g,92g,93,6 9 9 7 10 6 ,43.0,47,2,2,0,
9,4,28g,68g,70,106H,9 10 7 10 7 7 ,50.0,50,2,2,1,
10,4,2,22g,48g,52,6 6 6 9 6 7 ,32.0,40,2,2,0,
11,4,3,44,59g,101gH,10 9 10 7 7 7 ,50.0,50,2,2,1,
12,4,26,32,41g,73g,9 8 8 10 9 10 ,54.0,54,2,2,0,
13,4,4,18g,79g,99H,7 10 9 10 6 7 ,47.0,49,2,2,1,
14,4,9,31g,62,96gH,9 9 8 9 9 10 ,54.0,54,2,2,1,
15,4,34g,65g,66g,107gH,6 6 9 6 10 10 ,41.0,47,4,0,1,
16,4,80g,82,91g,104H,6 8 10 7 9 10 ,48.0,50,2,2,1,
17,4,8g,36g,40g,61g,7 6 7 8 7 10 ,43.0,45,4,0,0,
18,4,25,45g,47g,67,8 7 7 8 9 10 ,49.0,49,2,2,0,
19,4,7g,54g,89g,102gH,7 7 8 10 8 8 ,48.0,48,4,0,1,
20,4,39,71g,74g,75,7 6 7 8 8 10 ,44.0,46,2,2,0,
21,4,13g,17g,37,43,7 10 7 8 7 6 ,43.0,45,2,2,0,
22,4,15g,20,56,77g,8 10 6 7 6 7 ,40.0,44,2,2,0,
23,4,53,76,84,86,7 9 7 8 8 7 ,46.0,46,0,4,0,
24,4,64,83,87,97H,7 10 6 6 10 9 ,44.0,48,0,4,1,
25,4,11g,29,30g,42,9 8 7 8 7 7 ,46.0,46,2,2,0,
26,4,49,51,72g,100gH,8 7 9 8 8 7 ,47.0,47,2,2,1,
Total Value = 1217.0
Minimum Compatibility = 6
Total Compatibility = 1277
24/10/28 10:57:11
-----
data.txt
0,4,34g,66g,73g,107gH,6 7 9 7 10 7 ,44.0,46,4,0,1,
1,4,6,58g,90g,93,6 6 9 6 6 10 ,35.0,43,2,2,0,
2,4,19g,24,30g,83,9 10 6 7 9 10 ,49.0,51,2,2,0,
3,4,16,17g,33,88g,10 10 9 10 9 9 ,57.0,57,2,2,0,
4,4,1,44,57g,85g,8 9 8 9 10 10 ,54.0,54,2,2,0,
5,4,27,46,50g,72g,8 9 7 6 6 7 ,39.0,43,2,2,0,
6,4,15g,68g,70,106H,10 10 7 10 7 7 ,51.0,51,2,2,1,
7,4,40g,41g,47g,96gH,9 6 7 9 9 7 ,45.0,47,4,0,1,
8,4,4,29,78,99H,7 6 9 6 6 9 ,37.0,43,0,4,1,
9,4,11g,28g,62,98H,10 9 6 7 8 10 ,48.0,50,2,2,1,
10,4,18g,20,79g,82,6 10 10 8 7 6 ,43.0,47,2,2,0,
11,4,7g,10g,89g,102gH,8 7 8 8 10 8 ,49.0,49,4,0,1,
12,4,31g,43,49,100gH,10 8 6 7 7 9 ,45.0,47,2,2,1,
13,4,25,39,55,94H,10 9 10 6 10 6 ,47.0,51,0,4,1,
14,4,51,52,60,86,7 9 7 6 8 8 ,43.0,45,0,4,0,
15,4,22g,42,48g,103H,6 9 6 7 6 6 ,32.0,40,2,2,1,
16,4,3,54g,76,101gH,10 10 10 7 9 7 ,53.0,53,2,2,1,
17,4,12,63,69g,71g,9 10 6 10 7 9 ,49.0,51,2,2,0,
18,4,36g,56,61g,104H,6 7 9 6 7 10 ,41.0,45,2,2,1,
19,4,2,21,35,97H,6 7 6 7 6 6 ,30.0,38,0,4,1,
20,4,64,65g,87,105gH,6 10 6 10 10 6 ,42.0,48,2,2,1,
21,4,14g,23,37,38g,7 8 7 6 7 10 ,43.0,45,2,2,0,
22,4,0g,45g,59g,77g,8 10 8 8 6 6 ,42.0,46,4,0,0,
23,4,53,80g,84,91g,6 9 6 7 8 10 ,42.0,46,2,2,0,
24,4,9,26,32,95H,9 7 9 9 8 10 ,52.0,52,0,4,1,
25,4,74g,75,81,92g,10 6 10 6 7 10 ,45.0,49,2,2,0,
26,4,5,8g,13g,67,7 7 9 10 10 10 ,53.0,53,2,2,0,
Total Value = 1210.0
Minimum Compatibility = 6
Total Compatibility = 1290
24/10/28 11:02:12
-----
data.txt
0,4,39,42,48g,90g,7 6 6 7 6 10 ,36.0,42,2,2,0,
1,4,24,61g,80g,104H,9 10 6 7 10 10 ,50.0,52,2,2,1,
2,4,16,17g,33,73g,10 10 9 10 7 9 ,55.0,55,2,2,0,
3,4,8g,11g,37,67,8 10 10 8 7 9 ,52.0,52,2,2,0,
4,4,2,7g,21,74g,10 6 6 6 6 6 ,30.0,40,2,2,0,
5,4,31g,43,49,100gH,10 8 6 7 7 9 ,45.0,47,2,2,1,
6,4,3,5,12,95H,9 9 8 9 7 9 ,51.0,51,0,4,1,
7,4,28g,71g,75,93,6 10 7 8 7 7 ,43.0,45,2,2,0,
8,4,52,76,84,86,7 8 8 8 8 7 ,46.0,46,0,4,0,
9,4,0g,59g,69g,77g,10 9 8 9 6 6 ,44.0,48,4,0,0,
10,4,19g,55,64,88g,6 7 8 9 8 6 ,40.0,44,2,2,0,
11,4,25,30g,47g,103H,9 7 10 8 10 7 ,51.0,51,2,2,1,
12,4,1,10g,53,85g,10 8 8 10 8 7 ,51.0,51,2,2,0,
13,4,18g,50g,82,98H,10 10 6 10 7 6 ,45.0,49,2,2,1,
14,4,15g,20,56,79g,8 10 10 7 8 10 ,53.0,53,2,2,0,
15,4,87,89g,91g,97H,7 9 9 6 7 9 ,45.0,47,2,2,1,
16,4,9,26,40g,105gH,9 9 9 7 8 9 ,51.0,51,2,2,1,
17,4,63,78,81,99H,8 6 10 6 9 7 ,42.0,46,0,4,1,
18,4,45g,54g,92g,101gH,7 10 10 7 9 9 ,52.0,52,4,0,1,
19,4,13g,27,51,72g,6 8 10 7 7 8 ,44.0,46,2,2,0,
20,4,22g,46,58g,60,8 10 9 8 9 10 ,54.0,54,2,2,0,
21,4,4,35,70,106H,10 8 7 8 6 7 ,44.0,46,0,4,1,
22,4,6,29,36g,68g,10 6 8 8 8 7 ,45.0,47,2,2,0,
23,4,14g,23,38g,94H,7 7 6 7 6 6 ,33.0,39,2,2,1,
24,4,34g,65g,66g,107gH,6 6 9 6 10 10 ,41.0,47,4,0,1,
25,4,32,41g,62,96gH,10 10 10 9 9 10 ,58.0,58,2,2,1,
26,4,44,57g,83,102gH,9 6 8 6 8 6 ,37.0,43,2,2,1,
Total Value = 1238.0
Minimum Compatibility = 6
Total Compatibility = 1302
24/10/28 11:07:15
-----
data.txt
0,4,55,64,87,93,9 7 7 10 6 6 ,41.0,45,0,4,0,
1,4,53,56,76,84,10 7 9 6 8 8 ,46.0,48,0,4,0,
2,4,14g,37,38g,82,8 7 7 10 6 7 ,43.0,45,2,2,0,
3,4,65g,66g,73g,107gH,6 6 10 7 10 7 ,42.0,46,4,0,1,
4,4,83,88g,91g,97H,9 9 10 8 9 9 ,54.0,54,2,2,1,
5,4,25,39,75,103H,10 8 10 7 6 6 ,43.0,47,0,4,1,
6,4,61g,68g,78,94H,8 6 7 10 6 7 ,40.0,44,2,2,1,
7,4,2,7g,21,57g,10 6 7 6 7 10 ,42.0,46,2,2,0,
8,4,23,41g,47g,104H,6 8 7 9 9 7 ,44.0,46,2,2,1,
9,4,1,35,52,67,6 8 6 6 9 7 ,36.0,42,0,4,0,
10,4,10g,54g,89g,102gH,6 8 10 10 8 8 ,48.0,50,4,0,1,
11,4,11g,29,30g,106H,9 8 7 8 7 7 ,46.0,46,2,2,1,
12,4,40g,49,51,100gH,9 6 6 8 9 8 ,42.0,46,2,2,1,
13,4,63,69g,71g,99H,10 7 10 9 10 10 ,56.0,56,2,2,1,
14,4,22g,58g,77g,80g,10 6 6 6 6 6 ,30.0,40,4,0,0,
15,4,70,74g,81,92g,6 9 10 6 10 10 ,47.0,51,2,2,0,
16,4,12,19g,60,105gH,8 6 10 7 6 6 ,37.0,43,2,2,1,
17,4,44,48g,85g,86,7 10 8 7 9 8 ,49.0,49,2,2,0,
18,4,20,28g,34g,43,7 6 10 8 7 8 ,44.0,46,2,2,0,
19,4,31g,32,90g,98H,10 8 8 10 9 6 ,49.0,51,2,2,1,
20,4,9,26,62,95H,9 9 9 10 8 10 ,55.0,55,0,4,1,
21,4,4,6,15g,79g,7 10 10 9 10 10 ,56.0,56,2,2,0,
22,4,27,36g,46,72g,6 8 7 8 6 6 ,35.0,41,2,2,0,
23,4,16,17g,33,96gH,10 10 10 10 7 6 ,51.0,53,2,2,1,
24,4,0g,5,24,59g,10 8 10 6 10 7 ,49.0,51,2,2,0,
25,4,3,42,45g,101gH,6 9 10 6 7 10 ,44.0,48,2,2,1,
26,4,8g,13g,18g,50g,10 7 8 6 9 10 ,48.0,50,4,0,0,
Total Value = 1217.0
Minimum Compatibility = 6
Total Compatibility = 1295
24/10/28 11:12:17
-----
data.txt
0,4,9,26,41g,80g,9 8 9 8 9 9 ,52.0,52,2,2,0,
1,4,23,28g,37,38g,6 6 7 10 7 10 ,42.0,46,2,2,0,
2,4,45g,59g,67,106H,8 9 6 9 6 8 ,42.0,46,2,2,1,
3,4,2,7g,48g,52,10 6 6 7 8 7 ,40.0,44,2,2,0,
4,4,65g,74g,92g,105gH,9 6 10 10 6 7 ,44.0,48,4,0,1,
5,4,29,47g,61g,94H,7 8 7 9 7 7 ,45.0,45,2,2,1,
6,4,6,60,75,93,6 6 9 6 8 7 ,36.0,42,0,4,0,
7,4,49,51,72g,100gH,8 7 9 8 8 7 ,47.0,47,2,2,1,
8,4,10g,54g,89g,102gH,6 8 10 10 8 8 ,48.0,50,4,0,1,
9,4,33,64,82,87,7 7 6 6 10 9 ,41.0,45,0,4,0,
10,4,21,22g,46,58g,6 6 6 8 10 8 ,38.0,44,2,2,0,
11,4,63,69g,71g,99H,10 7 10 9 10 10 ,56.0,56,2,2,1,
12,4,19g,24,25,30g,9 6 10 7 7 9 ,46.0,48,2,2,0,
13,4,0g,27,36g,104H,6 6 7 6 7 9 ,35.0,41,2,2,1,
14,4,16,31g,32,96gH,10 10 10 10 9 10 ,59.0,59,2,2,1,
15,4,11g,13g,62,98H,10 9 6 8 8 10 ,49.0,51,2,2,1,
16,4,17g,55,81,101gH,10 9 6 9 8 6 ,44.0,48,2,2,1,
17,4,1,44,57g,85g,8 9 8 9 10 10 ,54.0,54,2,2,0,
18,4,34g,66g,73g,107gH,6 7 9 7 10 7 ,44.0,46,4,0,1,
19,4,20,39,42,43,6 6 10 7 7 7 ,39.0,43,0,4,0,
20,4,8g,14g,18g,50g,6 7 8 7 7 10 ,43.0,45,4,0,0,
21,4,4,15g,56,79g,10 6 10 10 10 10 ,54.0,56,2,2,0,
22,4,83,88g,91g,97H,9 9 10 8 9 9 ,54.0,54,2,2,1,
23,4,5,12,70,103H,9 6 7 6 6 6 ,32.0,40,0,4,1,
24,4,3,40g,90g,95H,8 8 8 7 8 7 ,46.0,46,2,2,1,
25,4,53,76,84,86,7 9 7 8 8 7 ,46.0,46,0,4,0,
26,4,35,68g,77g,78,10 6 6 7 10 7 ,42.0,46,2,2,0,
Total Value = 1218.0
Minimum Compatibility = 6
Total Compatibility = 1288
24/10/28 11:17:21
-----
data.txt
0,4,8g,45g,92g,101gH,6 10 9 10 10 9 ,52.0,54,4,0,1,
1,4,6,15g,56,79g,9 6 10 10 10 10 ,53.0,55,2,2,0,
2,4,11g,20,74g,104H,8 8 8 8 6 10 ,46.0,48,2,2,1,
3,4,30g,61g,88g,96gH,8 7 7 9 7 7 ,45.0,45,4,0,1,
4,4,7g,10g,89g,102gH,8 7 8 8 10 8 ,49.0,49,4,0,1,
5,4,4,29,70,106H,7 8 7 10 7 7 ,46.0,46,0,4,1,
6,4,43,54g,84,91g,6 8 7 9 6 10 ,42.0,46,2,2,0,
7,4,65g,87,90g,93,10 7 7 6 6 10 ,42.0,46,2,2,0,
8,4,9,26,62,95H,9 9 9 10 8 10 ,55.0,55,0,4,1,
9,4,0g,80g,83,97H,7 7 7 7 6 10 ,42.0,44,2,2,1,
10,4,35,42,68g,77g,6 10 6 6 7 7 ,36.0,42,2,2,0,
11,4,25,39,69g,71g,10 8 7 8 7 9 ,49.0,49,2,2,0,
12,4,16,31g,32,105gH,10 10 10 10 10 10 ,60.0,60,2,2,1,
13,4,19g,58g,60,94H,6 7 10 10 6 6 ,39.0,45,2,2,1,
14,4,2,36g,40g,52,6 6 6 8 6 6 ,28.0,38,2,2,0,
15,4,63,78,81,99H,8 6 10 6 9 7 ,42.0,46,0,4,1,
16,4,14g,23,38g,103H,7 7 6 7 6 7 ,36.0,40,2,2,1,
17,4,18g,27,50g,82,6 10 10 9 6 10 ,47.0,51,2,2,0,
18,4,17g,24,33,73g,9 10 7 9 6 9 ,48.0,50,2,2,0,
19,4,5,47g,59g,67,8 10 9 7 10 9 ,53.0,53,2,2,0,
20,4,49,51,72g,100gH,8 7 9 8 8 7 ,47.0,47,2,2,1,
21,4,34g,55,64,107gH,10 7 9 9 8 6 ,47.0,49,2,2,1,
22,4,13g,28g,37,75,10 10 8 10 10 8 ,56.0,56,2,2,0,
23,4,12,41g,66g,98H,10 6 7 6 6 6 ,33.0,41,2,2,1,
24,4,3,53,76,86,7 10 7 7 7 8 ,46.0,46,0,4,0,
25,4,21,22g,44,48g,6 8 7 6 9 7 ,39.0,43,2,2,0,
26,4,1,46,57g,85g,6 9 8 6 7 10 ,42.0,46,2,2,0,
Total Value = 1220.0
Minimum Compatibility = 6
Total Compatibility = 1290
24/10/28 11:22:25
-----
data.txt
0,4,49,51,72g,100gH,8 7 9 8 8 7 ,47.0,47,2,2,1,
1,4,12,55,66g,105gH,9 6 10 6 7 7 ,41.0,45,2,2,1,
2,4,28g,30g,42,93,7 7 7 7 6 7 ,39.0,41,2,2,0,
3,4,9,24,45g,80g,7 7 9 6 10 7 ,44.0,46,2,2,0,
4,4,63,69g,71g,99H,10 7 10 9 10 10 ,56.0,56,2,2,1,
5,4,35,36g,68g,70,7 10 8 7 7 10 ,49.0,49,2,2,0,
6,4,3,11g,47g,104H,7 10 8 9 8 7 ,49.0,49,2,2,1,
7,4,29,65g,74g,75,7 10 7 9 7 10 ,50.0,50,2,2,0,
8,4,34g,58g,64,87,6 7 7 6 6 10 ,36.0,42,2,2,0,
9,4,13g,76,101gH,106H,7 9 9 7 8 6 ,44.0,46,2,2,2,
10,4,0g,59g,61g,88g,10 6 8 7 7 9 ,45.0,47,4,0,0,
11,4,5,27,46,67,10 7 9 8 6 7 ,45.0,47,0,4,0,
12,4,4,6,79g,92g,7 10 9 10 9 7 ,52.0,52,2,2,0,
13,4,15g,21,22g,97H,6 7 7 6 6 6 ,30.0,38,2,2,1,
14,4,10g,54g,89g,102gH,6 8 10 10 8 8 ,48.0,50,4,0,1,
15,4,25,33,39,103H,7 10 10 6 6 6 ,39.0,45,0,4,1,
16,4,8g,37,77g,78,10 8 6 7 7 7 ,43.0,45,2,2,0,
17,4,53,56,84,86,10 9 7 8 6 7 ,45.0,47,0,4,0,
18,4,18g,50g,82,98H,10 10 6 10 7 6 ,45.0,49,2,2,1,
19,4,26,32,62,95H,9 10 8 10 10 10 ,57.0,57,0,4,1,
20,4,2,7g,48g,52,10 6 6 7 8 7 ,40.0,44,2,2,0,
21,4,1,44,57g,85g,8 9 8 9 10 10 ,54.0,54,2,2,0,
22,4,14g,23,38g,60,7 7 6 7 6 9 ,38.0,42,2,2,0,
23,4,40g,41g,73g,90g,9 8 7 10 10 6 ,48.0,50,4,0,0,
24,4,20,43,91g,107gH,10 7 10 7 6 7 ,45.0,47,2,2,1,
25,4,19g,31g,83,94H,8 6 10 7 6 6 ,37.0,43,2,2,1,
26,4,16,17g,81,96gH,10 9 10 9 7 6 ,49.0,51,2,2,1,
Total Value = 1215.0
Minimum Compatibility = 6
Total Compatibility = 1279
24/10/28 11:27:29
-----
data.txt
0,4,19g,30g,60,94H,10 7 10 6 6 6 ,39.0,45,2,2,1,
1,4,11g,15g,70,106H,8 8 7 10 7 7 ,47.0,47,2,2,1,
2,4,17g,33,61g,81,10 7 9 6 9 6 ,43.0,47,2,2,0,
3,4,67,76,91g,101gH,10 7 6 8 7 7 ,43.0,45,2,2,1,
4,4,9,26,62,95H,9 9 9 10 8 10 ,55.0,55,0,4,1,
5,4,0g,5,27,59g,10 6 10 10 10 6 ,48.0,52,2,2,0,
6,4,8g,13g,47g,50g,10 8 8 7 9 8 ,50.0,50,4,0,0,
7,4,4,18g,79g,82,7 10 7 10 10 6 ,48.0,50,2,2,0,
8,4,28g,42,75,77g,7 10 7 7 7 6 ,42.0,44,2,2,0,
9,4,35,63,78,99H,8 6 9 8 10 9 ,48.0,50,0,4,1,
10,4,24,64,83,97H,7 9 10 7 6 10 ,47.0,49,0,4,1,
11,4,65g,87,90g,93,10 7 7 6 6 10 ,42.0,46,2,2,0,
12,4,36g,46,56,58g,8 6 6 7 8 6 ,35.0,41,2,2,0,
13,4,2,21,22g,48g,6 6 6 6 7 9 ,32.0,40,2,2,0,
14,4,40g,49,51,100gH,9 6 6 8 9 8 ,42.0,46,2,2,1,
15,4,20,34g,37,107gH,6 8 10 8 9 6 ,43.0,47,2,2,1,
16,4,1,10g,53,85g,10 8 8 10 8 7 ,51.0,51,2,2,0,
17,4,6,29,74g,92g,10 7 9 10 7 10 ,53.0,53,2,2,0,
18,4,25,39,69g,71g,10 8 7 8 7 9 ,49.0,49,2,2,0,
19,4,44,52,72g,88g,7 7 9 7 8 6 ,42.0,44,2,2,0,
20,4,16,32,41g,96gH,10 10 10 10 10 9 ,59.0,59,2,2,1,
21,4,14g,23,38g,103H,7 7 6 7 6 7 ,36.0,40,2,2,1,
22,4,68g,80g,86,104H,10 7 9 7 10 9 ,52.0,52,2,2,1,
23,4,7g,54g,57g,102gH,7 7 8 8 8 8 ,46.0,46,4,0,1,
24,4,12,55,73g,105gH,9 7 10 10 7 6 ,47.0,49,2,2,1,
25,4,3,45g,84,89g,9 7 7 6 9 8 ,44.0,46,2,2,0,
26,4,31g,43,66g,98H,10 6 8 6 8 6 ,38.0,44,2,2,1,
Total Value = 1221.0
Minimum Compatibility = 6
Total Compatibility = 1287
24/10/28 11:32:34
-----
data.txt
