16
0 1 0
1 1 0
2 1 0
3 1 0
4 1 0
5 1 1
6 0 1
7 0 1
8 0 0
9 0 0
10 0 0
11 0 0
12 0 0
13 0 0
14 0 0
15 0 0
0 1 4
0 2 3
0 3 9
0 4 3
0 5 6
0 6 2
0 7 2
0 8 5
0 9 7
0 10 6
0 11 1
0 12 3
0 13 7
0 14 7
0 15 6
1 2 4
1 3 6
1 4 6
1 5 4
1 6 7
1 7 6
1 8 5
1 9 9
1 10 7
1 11 3
1 12 5
1 13 4
1 14 5
1 15 5
2 3 8
2 4 6
2 5 5
2 6 3
2 7 8
2 8 3
2 9 5
2 10 5
2 11 4
2 12 6
2 13 3
2 14 5
2 15 7
3 4 9
3 5 9
3 6 6
3 7 6
3 8 4
3 9 4
3 10 7
3 11 6
3 12 10
3 13 4
3 14 6
3 15 5
4 5 1
4 6 9
4 7 5
4 8 7
4 9 10
4 10 7
4 11 7
4 12 2
4 13 4
4 14 6
4 15 8
5 6 8
5 7 8
5 8 4
5 9 8
5 10 4
5 11 4
5 12 5
5 13 7
5 14 5
5 15 8
6 7 4
6 8 4
6 9 8
6 10 4
6 11 6
6 12 5
6 13 6
6 14 5
6 15 9
7 8 5
7 9 9
7 10 7
7 11 4
7 12 4
7 13 6
7 14 9
7 15 5
8 9 5
8 10 3
8 11 6
8 12 2
8 13 3
8 14 6
8 15 4
9 10 5
9 11 4
9 12 6
9 13 4
9 14 4
9 15 5
10 11 5
10 12 2
10 13 9
10 14 8
10 15 5
11 12 8
11 13 4
11 14 3
11 15 9
12 13 5
12 14 9
12 15 2
13 14 4
13 15 5
14 15 6
0 0 0
2 6 10 23 24 20 12 10 11 2 
