64
0 1 0
1 0 0
2 0 0
3 1 0
4 1 0
5 0 0
6 0 0
7 0 0
8 0 0
9 1 0
10 0 0
11 1 0
12 0 0
13 0 0
14 0 0
15 1 0
16 1 0
17 0 0
18 1 0
19 1 0
20 0 0
21 0 0
22 1 0
23 0 0
24 1 0
25 1 0
26 0 0
27 0 0
28 0 0
29 1 0
30 1 0
31 0 0
32 1 0
33 0 0
34 0 0
35 0 0
36 1 0
37 1 0
38 1 0
39 0 0
40 1 0
41 0 0
42 0 0
43 1 0
44 0 0
45 0 0
46 0 0
47 0 0
48 0 0
49 0 0
50 0 0
51 1 0
52 0 0
53 0 0
54 0 0
55 1 0
56 0 1
57 1 1
58 0 1
59 0 1
60 0 1
61 0 1
62 1 1
63 0 1
0 1 5
0 2 4
0 3 7
0 4 5
0 5 7
0 6 7
0 7 5
0 8 5
0 9 1
0 10 4
0 11 5
0 12 5
0 13 10
0 14 7
0 15 10
0 16 7
0 17 4
0 18 10
0 19 8
0 20 6
0 21 5
0 22 7
0 23 4
0 24 1
0 25 7
0 26 7
0 27 2
0 28 3
0 29 4
0 30 9
0 31 8
0 32 9
0 33 5
0 34 6
0 35 4
0 36 3
0 37 9
0 38 3
0 39 8
0 40 10
0 41 7
0 42 1
0 43 4
0 44 1
0 45 8
0 46 8
0 47 1
0 48 2
0 49 6
0 50 7
0 51 6
0 52 3
0 53 1
0 54 4
0 55 1
0 56 10
0 57 5
0 58 1
0 59 2
0 60 2
0 61 2
0 62 4
0 63 6
1 2 5
1 3 10
1 4 4
1 5 8
1 6 7
1 7 3
1 8 4
1 9 10
1 10 5
1 11 1
1 12 1
1 13 2
1 14 6
1 15 10
1 16 2
1 17 3
1 18 4
1 19 1
1 20 2
1 21 3
1 22 4
1 23 2
1 24 3
1 25 8
1 26 3
1 27 3
1 28 5
1 29 5
1 30 1
1 31 5
1 32 7
1 33 1
1 34 5
1 35 3
1 36 1
1 37 4
1 38 10
1 39 5
1 40 7
1 41 4
1 42 10
1 43 3
1 44 3
1 45 8
1 46 4
1 47 4
1 48 6
1 49 10
1 50 1
1 51 7
1 52 9
1 53 10
1 54 3
1 55 4
1 56 3
1 57 3
1 58 5
1 59 3
1 60 5
1 61 5
1 62 8
1 63 5
2 3 4
2 4 1
2 5 5
2 6 2
2 7 7
2 8 9
2 9 10
2 10 1
2 11 1
2 12 5
2 13 1
2 14 2
2 15 10
2 16 10
2 17 1
2 18 6
2 19 4
2 20 7
2 21 1
2 22 7
2 23 5
2 24 2
2 25 9
2 26 1
2 27 3
2 28 9
2 29 8
2 30 3
2 31 6
2 32 1
2 33 6
2 34 8
2 35 1
2 36 6
2 37 7
2 38 1
2 39 3
2 40 4
2 41 1
2 42 4
2 43 1
2 44 8
2 45 2
2 46 4
2 47 3
2 48 8
2 49 4
2 50 1
2 51 8
2 52 3
2 53 5
2 54 8
2 55 5
2 56 4
2 57 5
2 58 8
2 59 3
2 60 1
2 61 1
2 62 9
2 63 9
3 4 2
3 5 1
3 6 1
3 7 3
3 8 5
3 9 5
3 10 4
3 11 5
3 12 1
3 13 7
3 14 2
3 15 5
3 16 1
3 17 4
3 18 7
3 19 4
3 20 2
3 21 7
3 22 4
3 23 5
3 24 10
3 25 4
3 26 1
3 27 3
3 28 2
3 29 7
3 30 5
3 31 10
3 32 6
3 33 3
3 34 4
3 35 6
3 36 9
3 37 1
3 38 5
3 39 3
3 40 4
3 41 1
3 42 6
3 43 8
3 44 10
3 45 1
3 46 4
3 47 5
3 48 1
3 49 1
3 50 6
3 51 4
3 52 4
3 53 7
3 54 7
3 55 7
3 56 1
3 57 4
3 58 5
3 59 9
3 60 1
3 61 6
3 62 2
3 63 3
4 5 3
4 6 10
4 7 5
4 8 5
4 9 1
4 10 7
4 11 4
4 12 5
4 13 6
4 14 10
4 15 3
4 16 6
4 17 8
4 18 8
4 19 1
4 20 4
4 21 1
4 22 5
4 23 1
4 24 2
4 25 5
4 26 2
4 27 3
4 28 9
4 29 8
4 30 5
4 31 8
4 32 1
4 33 1
4 34 5
4 35 4
4 36 1
4 37 9
4 38 1
4 39 4
4 40 6
4 41 4
4 42 7
4 43 8
4 44 10
4 45 1
4 46 1
4 47 4
4 48 3
4 49 1
4 50 10
4 51 7
4 52 7
4 53 4
4 54 10
4 55 7
4 56 1
4 57 7
4 58 4
4 59 4
4 60 3
4 61 9
4 62 5
4 63 8
5 6 8
5 7 6
5 8 10
5 9 4
5 10 7
5 11 10
5 12 7
5 13 4
5 14 6
5 15 8
5 16 10
5 17 7
5 18 2
5 19 8
5 20 6
5 21 2
5 22 4
5 23 7
5 24 8
5 25 2
5 26 4
5 27 4
5 28 10
5 29 4
5 30 1
5 31 5
5 32 5
5 33 8
5 34 6
5 35 6
5 36 3
5 37 3
5 38 2
5 39 7
5 40 1
5 41 5
5 42 8
5 43 4
5 44 8
5 45 8
5 46 10
5 47 3
5 48 9
5 49 3
5 50 1
5 51 4
5 52 7
5 53 1
5 54 3
5 55 10
5 56 6
5 57 4
5 58 3
5 59 7
5 60 2
5 61 6
5 62 8
5 63 1
6 7 7
6 8 1
6 9 3
6 10 10
6 11 4
6 12 10
6 13 3
6 14 5
6 15 3
6 16 3
6 17 5
6 18 5
6 19 1
6 20 7
6 21 2
6 22 1
6 23 6
6 24 4
6 25 5
6 26 10
6 27 1
6 28 7
6 29 2
6 30 3
6 31 10
6 32 4
6 33 1
6 34 5
6 35 1
6 36 6
6 37 4
6 38 1
6 39 5
6 40 8
6 41 10
6 42 9
6 43 7
6 44 6
6 45 1
6 46 5
6 47 7
6 48 5
6 49 5
6 50 5
6 51 5
6 52 3
6 53 1
6 54 8
6 55 4
6 56 4
6 57 4
6 58 9
6 59 7
6 60 3
6 61 1
6 62 8
6 63 9
7 8 6
7 9 5
7 10 1
7 11 7
7 12 5
7 13 5
7 14 5
7 15 5
7 16 7
7 17 10
7 18 1
7 19 5
7 20 6
7 21 10
7 22 1
7 23 1
7 24 8
7 25 1
7 26 9
7 27 1
7 28 3
7 29 3
7 30 4
7 31 9
7 32 2
7 33 5
7 34 6
7 35 3
7 36 7
7 37 9
7 38 10
7 39 10
7 40 5
7 41 6
7 42 8
7 43 6
7 44 6
7 45 9
7 46 5
7 47 10
7 48 7
7 49 1
7 50 2
7 51 3
7 52 4
7 53 2
7 54 5
7 55 6
7 56 3
7 57 4
7 58 7
7 59 4
7 60 3
7 61 2
7 62 4
7 63 6
8 9 1
8 10 5
8 11 5
8 12 2
8 13 1
8 14 5
8 15 8
8 16 7
8 17 4
8 18 3
8 19 7
8 20 4
8 21 5
8 22 2
8 23 4
8 24 7
8 25 9
8 26 6
8 27 10
8 28 7
8 29 3
8 30 4
8 31 7
8 32 8
8 33 1
8 34 1
8 35 6
8 36 4
8 37 10
8 38 6
8 39 3
8 40 4
8 41 9
8 42 3
8 43 1
8 44 3
8 45 6
8 46 5
8 47 3
8 48 1
8 49 4
8 50 1
8 51 6
8 52 6
8 53 7
8 54 5
8 55 3
8 56 3
8 57 5
8 58 5
8 59 9
8 60 8
8 61 3
8 62 7
8 63 3
9 10 7
9 11 7
9 12 5
9 13 5
9 14 6
9 15 9
9 16 5
9 17 3
9 18 3
9 19 3
9 20 5
9 21 5
9 22 2
9 23 5
9 24 5
9 25 10
9 26 4
9 27 6
9 28 5
9 29 5
9 30 5
9 31 1
9 32 6
9 33 4
9 34 1
9 35 7
9 36 3
9 37 10
9 38 3
9 39 4
9 40 6
9 41 1
9 42 8
9 43 4
9 44 6
9 45 5
9 46 1
9 47 5
9 48 4
9 49 7
9 50 2
9 51 5
9 52 8
9 53 10
9 54 7
9 55 1
9 56 6
9 57 3
9 58 2
9 59 3
9 60 10
9 61 1
9 62 5
9 63 2
10 11 5
10 12 10
10 13 3
10 14 3
10 15 10
10 16 4
10 17 5
10 18 5
10 19 10
10 20 3
10 21 4
10 22 1
10 23 2
10 24 2
10 25 1
10 26 6
10 27 1
10 28 8
10 29 5
10 30 6
10 31 8
10 32 10
10 33 8
10 34 4
10 35 7
10 36 8
10 37 4
10 38 4
10 39 5
10 40 2
10 41 6
10 42 8
10 43 5
10 44 8
10 45 5
10 46 2
10 47 6
10 48 10
10 49 3
10 50 4
10 51 3
10 52 1
10 53 5
10 54 7
10 55 5
10 56 5
10 57 7
10 58 1
10 59 1
10 60 4
10 61 8
10 62 1
10 63 3
11 12 2
11 13 3
11 14 5
11 15 10
11 16 3
11 17 4
11 18 10
11 19 1
11 20 7
11 21 2
11 22 10
11 23 8
11 24 4
11 25 5
11 26 3
11 27 5
11 28 1
11 29 5
11 30 8
11 31 1
11 32 3
11 33 3
11 34 1
11 35 7
11 36 8
11 37 6
11 38 1
11 39 10
11 40 5
11 41 1
11 42 7
11 43 1
11 44 10
11 45 5
11 46 1
11 47 5
11 48 2
11 49 5
11 50 7
11 51 2
11 52 8
11 53 3
11 54 1
11 55 2
11 56 3
11 57 6
11 58 9
11 59 6
11 60 3
11 61 5
11 62 7
11 63 2
12 13 5
12 14 5
12 15 1
12 16 8
12 17 2
12 18 10
12 19 1
12 20 6
12 21 6
12 22 6
12 23 3
12 24 9
12 25 6
12 26 7
12 27 4
12 28 6
12 29 7
12 30 7
12 31 8
12 32 1
12 33 6
12 34 7
12 35 9
12 36 2
12 37 6
12 38 8
12 39 9
12 40 9
12 41 2
12 42 2
12 43 4
12 44 1
12 45 2
12 46 2
12 47 7
12 48 8
12 49 1
12 50 2
12 51 6
12 52 5
12 53 1
12 54 6
12 55 2
12 56 1
12 57 4
12 58 9
12 59 10
12 60 4
12 61 1
12 62 7
12 63 2
13 14 1
13 15 6
13 16 4
13 17 10
13 18 1
13 19 3
13 20 6
13 21 3
13 22 3
13 23 4
13 24 1
13 25 1
13 26 6
13 27 4
13 28 1
13 29 3
13 30 10
13 31 8
13 32 2
13 33 3
13 34 1
13 35 8
13 36 1
13 37 7
13 38 6
13 39 3
13 40 7
13 41 6
13 42 10
13 43 8
13 44 8
13 45 4
13 46 2
13 47 2
13 48 9
13 49 2
13 50 3
13 51 3
13 52 3
13 53 1
13 54 2
13 55 7
13 56 9
13 57 7
13 58 5
13 59 8
13 60 4
13 61 5
13 62 5
13 63 4
14 15 1
14 16 2
14 17 1
14 18 3
14 19 9
14 20 3
14 21 7
14 22 1
14 23 4
14 24 3
14 25 7
14 26 5
14 27 7
14 28 4
14 29 3
14 30 1
14 31 4
14 32 1
14 33 4
14 34 4
14 35 10
14 36 7
14 37 1
14 38 4
14 39 1
14 40 1
14 41 5
14 42 6
14 43 4
14 44 6
14 45 4
14 46 3
14 47 3
14 48 6
14 49 10
14 50 1
14 51 10
14 52 1
14 53 6
14 54 1
14 55 6
14 56 7
14 57 4
14 58 10
14 59 2
14 60 6
14 61 4
14 62 7
14 63 8
15 16 5
15 17 4
15 18 3
15 19 4
15 20 3
15 21 6
15 22 9
15 23 1
15 24 4
15 25 5
15 26 4
15 27 5
15 28 10
15 29 5
15 30 4
15 31 5
15 32 4
15 33 2
15 34 1
15 35 6
15 36 6
15 37 4
15 38 6
15 39 7
15 40 4
15 41 4
15 42 4
15 43 1
15 44 9
15 45 5
15 46 9
15 47 6
15 48 4
15 49 3
15 50 5
15 51 9
15 52 6
15 53 8
15 54 3
15 55 5
15 56 5
15 57 2
15 58 5
15 59 10
15 60 5
15 61 4
15 62 4
15 63 2
16 17 1
16 18 6
16 19 1
16 20 7
16 21 8
16 22 2
16 23 2
16 24 1
16 25 6
16 26 8
16 27 5
16 28 3
16 29 5
16 30 6
16 31 2
16 32 1
16 33 3
16 34 10
16 35 4
16 36 1
16 37 8
16 38 5
16 39 2
16 40 1
16 41 4
16 42 9
16 43 6
16 44 5
16 45 9
16 46 6
16 47 4
16 48 4
16 49 7
16 50 2
16 51 6
16 52 5
16 53 6
16 54 9
16 55 3
16 56 7
16 57 8
16 58 4
16 59 3
16 60 5
16 61 10
16 62 2
16 63 8
17 18 7
17 19 3
17 20 1
17 21 7
17 22 5
17 23 6
17 24 9
17 25 7
17 26 1
17 27 4
17 28 5
17 29 7
17 30 5
17 31 5
17 32 4
17 33 7
17 34 1
17 35 1
17 36 7
17 37 8
17 38 6
17 39 1
17 40 1
17 41 1
17 42 5
17 43 3
17 44 3
17 45 3
17 46 3
17 47 3
17 48 7
17 49 10
17 50 6
17 51 2
17 52 6
17 53 6
17 54 7
17 55 8
17 56 8
17 57 3
17 58 3
17 59 3
17 60 3
17 61 1
17 62 8
17 63 8
18 19 8
18 20 7
18 21 6
18 22 4
18 23 5
18 24 3
18 25 1
18 26 1
18 27 6
18 28 7
18 29 6
18 30 1
18 31 6
18 32 2
18 33 5
18 34 4
18 35 5
18 36 6
18 37 2
18 38 6
18 39 6
18 40 1
18 41 4
18 42 8
18 43 3
18 44 10
18 45 5
18 46 3
18 47 5
18 48 8
18 49 6
18 50 9
18 51 2
18 52 7
18 53 6
18 54 1
18 55 9
18 56 9
18 57 7
18 58 8
18 59 5
18 60 4
18 61 2
18 62 5
18 63 2
19 20 7
19 21 4
19 22 3
19 23 4
19 24 8
19 25 3
19 26 6
19 27 5
19 28 7
19 29 4
19 30 6
19 31 7
19 32 1
19 33 4
19 34 6
19 35 6
19 36 3
19 37 10
19 38 7
19 39 5
19 40 2
19 41 5
19 42 4
19 43 7
19 44 3
19 45 5
19 46 2
19 47 3
19 48 5
19 49 2
19 50 4
19 51 5
19 52 4
19 53 1
19 54 1
19 55 5
19 56 5
19 57 7
19 58 8
19 59 5
19 60 8
19 61 5
19 62 9
19 63 10
20 21 9
20 22 5
20 23 3
20 24 10
20 25 5
20 26 1
20 27 6
20 28 4
20 29 5
20 30 4
20 31 2
20 32 4
20 33 8
20 34 6
20 35 4
20 36 8
20 37 4
20 38 1
20 39 7
20 40 2
20 41 5
20 42 1
20 43 1
20 44 7
20 45 2
20 46 7
20 47 1
20 48 2
20 49 1
20 50 3
20 51 3
20 52 4
20 53 8
20 54 1
20 55 5
20 56 1
20 57 8
20 58 5
20 59 5
20 60 3
20 61 3
20 62 8
20 63 10
21 22 7
21 23 6
21 24 4
21 25 2
21 26 5
21 27 6
21 28 9
21 29 9
21 30 3
21 31 7
21 32 3
21 33 5
21 34 1
21 35 6
21 36 1
21 37 5
21 38 6
21 39 6
21 40 1
21 41 8
21 42 5
21 43 1
21 44 1
21 45 5
21 46 5
21 47 6
21 48 10
21 49 4
21 50 7
21 51 4
21 52 5
21 53 6
21 54 10
21 55 6
21 56 5
21 57 10
21 58 2
21 59 7
21 60 1
21 61 6
21 62 5
21 63 7
22 23 6
22 24 3
22 25 4
22 26 1
22 27 7
22 28 1
22 29 2
22 30 6
22 31 6
22 32 4
22 33 1
22 34 3
22 35 3
22 36 4
22 37 7
22 38 4
22 39 5
22 40 3
22 41 2
22 42 2
22 43 4
22 44 1
22 45 4
22 46 3
22 47 1
22 48 7
22 49 4
22 50 4
22 51 7
22 52 5
22 53 6
22 54 5
22 55 8
22 56 8
22 57 6
22 58 7
22 59 8
22 60 5
22 61 1
22 62 6
22 63 4
23 24 5
23 25 2
23 26 3
23 27 4
23 28 7
23 29 3
23 30 1
23 31 1
23 32 2
23 33 10
23 34 6
23 35 2
23 36 2
23 37 2
23 38 4
23 39 2
23 40 4
23 41 6
23 42 9
23 43 3
23 44 1
23 45 6
23 46 4
23 47 2
23 48 5
23 49 8
23 50 4
23 51 4
23 52 2
23 53 9
23 54 4
23 55 1
23 56 1
23 57 4
23 58 3
23 59 3
23 60 4
23 61 5
23 62 4
23 63 3
24 25 4
24 26 5
24 27 6
24 28 3
24 29 1
24 30 1
24 31 2
24 32 9
24 33 6
24 34 6
24 35 7
24 36 6
24 37 6
24 38 2
24 39 3
24 40 2
24 41 10
24 42 3
24 43 7
24 44 3
24 45 1
24 46 3
24 47 7
24 48 1
24 49 1
24 50 1
24 51 5
24 52 2
24 53 4
24 54 4
24 55 3
24 56 6
24 57 9
24 58 6
24 59 3
24 60 5
24 61 1
24 62 2
24 63 5
25 26 5
25 27 5
25 28 4
25 29 10
25 30 1
25 31 6
25 32 1
25 33 3
25 34 7
25 35 2
25 36 4
25 37 10
25 38 4
25 39 3
25 40 5
25 41 2
25 42 8
25 43 7
25 44 2
25 45 7
25 46 5
25 47 5
25 48 1
25 49 3
25 50 1
25 51 4
25 52 10
25 53 5
25 54 5
25 55 2
25 56 1
25 57 3
25 58 10
25 59 9
25 60 6
25 61 6
25 62 8
25 63 1
26 27 3
26 28 3
26 29 4
26 30 5
26 31 5
26 32 2
26 33 1
26 34 1
26 35 5
26 36 4
26 37 3
26 38 5
26 39 2
26 40 6
26 41 2
26 42 1
26 43 4
26 44 5
26 45 1
26 46 6
26 47 7
26 48 5
26 49 3
26 50 8
26 51 7
26 52 2
26 53 1
26 54 5
26 55 4
26 56 6
26 57 5
26 58 5
26 59 2
26 60 6
26 61 5
26 62 5
26 63 4
27 28 1
27 29 2
27 30 1
27 31 3
27 32 1
27 33 1
27 34 6
27 35 1
27 36 3
27 37 1
27 38 5
27 39 5
27 40 3
27 41 8
27 42 6
27 43 1
27 44 7
27 45 3
27 46 4
27 47 7
27 48 5
27 49 7
27 50 3
27 51 7
27 52 3
27 53 7
27 54 3
27 55 3
27 56 5
27 57 7
27 58 1
27 59 5
27 60 4
27 61 5
27 62 5
27 63 4
28 29 5
28 30 8
28 31 6
28 32 4
28 33 3
28 34 2
28 35 5
28 36 5
28 37 6
28 38 9
28 39 4
28 40 6
28 41 6
28 42 1
28 43 8
28 44 2
28 45 5
28 46 5
28 47 6
28 48 3
28 49 1
28 50 4
28 51 5
28 52 5
28 53 6
28 54 7
28 55 4
28 56 1
28 57 4
28 58 1
28 59 8
28 60 5
28 61 10
28 62 1
28 63 7
29 30 2
29 31 2
29 32 2
29 33 6
29 34 2
29 35 6
29 36 1
29 37 1
29 38 4
29 39 3
29 40 8
29 41 5
29 42 9
29 43 6
29 44 7
29 45 4
29 46 5
29 47 3
29 48 1
29 49 1
29 50 1
29 51 5
29 52 1
29 53 10
29 54 5
29 55 7
29 56 3
29 57 4
29 58 5
29 59 4
29 60 4
29 61 5
29 62 1
29 63 2
30 31 3
30 32 1
30 33 3
30 34 5
30 35 8
30 36 7
30 37 3
30 38 5
30 39 4
30 40 8
30 41 6
30 42 10
30 43 1
30 44 1
30 45 1
30 46 6
30 47 6
30 48 3
30 49 1
30 50 2
30 51 3
30 52 5
30 53 7
30 54 6
30 55 8
30 56 1
30 57 3
30 58 7
30 59 7
30 60 2
30 61 6
30 62 4
30 63 6
31 32 9
31 33 1
31 34 6
31 35 4
31 36 8
31 37 8
31 38 10
31 39 5
31 40 3
31 41 1
31 42 1
31 43 4
31 44 9
31 45 1
31 46 4
31 47 5
31 48 6
31 49 8
31 50 5
31 51 3
31 52 3
31 53 1
31 54 7
31 55 7
31 56 1
31 57 1
31 58 1
31 59 4
31 60 1
31 61 10
31 62 2
31 63 8
32 33 6
32 34 5
32 35 1
32 36 5
32 37 3
32 38 5
32 39 6
32 40 8
32 41 1
32 42 1
32 43 7
32 44 2
32 45 1
32 46 1
32 47 1
32 48 1
32 49 4
32 50 1
32 51 7
32 52 4
32 53 4
32 54 2
32 55 2
32 56 10
32 57 3
32 58 6
32 59 4
32 60 7
32 61 7
32 62 3
32 63 8
33 34 7
33 35 2
33 36 6
33 37 2
33 38 1
33 39 7
33 40 5
33 41 3
33 42 1
33 43 1
33 44 3
33 45 4
33 46 1
33 47 2
33 48 1
33 49 2
33 50 6
33 51 8
33 52 1
33 53 2
33 54 1
33 55 10
33 56 8
33 57 9
33 58 6
33 59 1
33 60 9
33 61 7
33 62 7
33 63 7
34 35 4
34 36 3
34 37 4
34 38 1
34 39 1
34 40 1
34 41 5
34 42 2
34 43 4
34 44 6
34 45 7
34 46 7
34 47 3
34 48 4
34 49 5
34 50 5
34 51 8
34 52 2
34 53 5
34 54 4
34 55 8
34 56 2
34 57 7
34 58 7
34 59 2
34 60 7
34 61 4
34 62 4
34 63 2
35 36 5
35 37 5
35 38 4
35 39 1
35 40 5
35 41 4
35 42 2
35 43 5
35 44 1
35 45 5
35 46 2
35 47 1
35 48 2
35 49 4
35 50 2
35 51 2
35 52 6
35 53 7
35 54 8
35 55 7
35 56 6
35 57 4
35 58 7
35 59 3
35 60 4
35 61 3
35 62 1
35 63 4
36 37 8
36 38 10
36 39 1
36 40 9
36 41 5
36 42 1
36 43 9
36 44 4
36 45 5
36 46 1
36 47 2
36 48 9
36 49 9
36 50 4
36 51 1
36 52 5
36 53 4
36 54 9
36 55 4
36 56 5
36 57 6
36 58 1
36 59 7
36 60 3
36 61 2
36 62 8
36 63 5
37 38 1
37 39 4
37 40 2
37 41 1
37 42 6
37 43 3
37 44 6
37 45 1
37 46 10
37 47 3
37 48 2
37 49 1
37 50 1
37 51 5
37 52 10
37 53 10
37 54 1
37 55 8
37 56 2
37 57 8
37 58 10
37 59 1
37 60 6
37 61 3
37 62 5
37 63 10
38 39 5
38 40 3
38 41 3
38 42 10
38 43 10
38 44 1
38 45 5
38 46 5
38 47 5
38 48 3
38 49 8
38 50 1
38 51 1
38 52 7
38 53 3
38 54 1
38 55 4
38 56 2
38 57 2
38 58 7
38 59 1
38 60 2
38 61 7
38 62 10
38 63 7
39 40 1
39 41 7
39 42 1
39 43 2
39 44 2
39 45 10
39 46 3
39 47 5
39 48 1
39 49 1
39 50 5
39 51 8
39 52 5
39 53 4
39 54 2
39 55 1
39 56 9
39 57 8
39 58 7
39 59 4
39 60 1
39 61 4
39 62 6
39 63 7
40 41 3
40 42 8
40 43 10
40 44 9
40 45 1
40 46 2
40 47 4
40 48 5
40 49 4
40 50 2
40 51 1
40 52 2
40 53 1
40 54 5
40 55 2
40 56 1
40 57 5
40 58 6
40 59 2
40 60 3
40 61 7
40 62 1
40 63 7
41 42 3
41 43 1
41 44 5
41 45 6
41 46 5
41 47 3
41 48 7
41 49 9
41 50 4
41 51 1
41 52 9
41 53 6
41 54 6
41 55 7
41 56 10
41 57 1
41 58 3
41 59 1
41 60 8
41 61 10
41 62 8
41 63 4
42 43 10
42 44 2
42 45 2
42 46 4
42 47 7
42 48 1
42 49 6
42 50 7
42 51 5
42 52 5
42 53 1
42 54 7
42 55 6
42 56 9
42 57 1
42 58 7
42 59 9
42 60 1
42 61 6
42 62 3
42 63 9
43 44 7
43 45 5
43 46 4
43 47 5
43 48 7
43 49 1
43 50 5
43 51 2
43 52 5
43 53 3
43 54 1
43 55 6
43 56 7
43 57 2
43 58 1
43 59 3
43 60 5
43 61 10
43 62 3
43 63 5
44 45 4
44 46 9
44 47 7
44 48 5
44 49 3
44 50 6
44 51 6
44 52 7
44 53 5
44 54 6
44 55 3
44 56 4
44 57 2
44 58 1
44 59 7
44 60 7
44 61 3
44 62 5
44 63 10
45 46 5
45 47 4
45 48 1
45 49 8
45 50 1
45 51 1
45 52 4
45 53 10
45 54 1
45 55 10
45 56 3
45 57 1
45 58 2
45 59 6
45 60 4
45 61 4
45 62 9
45 63 4
46 47 7
46 48 3
46 49 3
46 50 5
46 51 1
46 52 1
46 53 7
46 54 6
46 55 9
46 56 5
46 57 6
46 58 6
46 59 10
46 60 8
46 61 1
46 62 5
46 63 8
47 48 3
47 49 9
47 50 8
47 51 1
47 52 3
47 53 1
47 54 6
47 55 4
47 56 4
47 57 5
47 58 7
47 59 5
47 60 5
47 61 3
47 62 2
47 63 2
48 49 5
48 50 6
48 51 3
48 52 8
48 53 2
48 54 10
48 55 3
48 56 7
48 57 4
48 58 2
48 59 8
48 60 10
48 61 5
48 62 8
48 63 1
49 50 6
49 51 6
49 52 6
49 53 6
49 54 2
49 55 5
49 56 3
49 57 1
49 58 9
49 59 2
49 60 3
49 61 2
49 62 7
49 63 6
50 51 7
50 52 5
50 53 4
50 54 1
50 55 5
50 56 2
50 57 8
50 58 2
50 59 10
50 60 1
50 61 6
50 62 2
50 63 6
51 52 6
51 53 1
51 54 2
51 55 7
51 56 5
51 57 4
51 58 6
51 59 4
51 60 8
51 61 1
51 62 2
51 63 4
52 53 7
52 54 1
52 55 1
52 56 10
52 57 2
52 58 6
52 59 3
52 60 3
52 61 4
52 62 2
52 63 6
53 54 4
53 55 3
53 56 7
53 57 3
53 58 5
53 59 4
53 60 1
53 61 2
53 62 6
53 63 2
54 55 2
54 56 5
54 57 6
54 58 5
54 59 5
54 60 5
54 61 1
54 62 10
54 63 1
55 56 2
55 57 7
55 58 5
55 59 5
55 60 3
55 61 4
55 62 1
55 63 1
56 57 3
56 58 5
56 59 9
56 60 1
56 61 4
56 62 2
56 63 6
57 58 5
57 59 1
57 60 5
57 61 7
57 62 6
57 63 5
58 59 5
58 60 4
58 61 3
58 62 8
58 63 2
59 60 7
59 61 3
59 62 6
59 63 4
60 61 10
60 62 2
60 63 6
61 62 9
61 63 8
62 63 4
0 0 0
323 184 228 252 295 208 197 134 80 115 : 4.676091
n = 64, ave = 5.00, std = 3.00
