128
0 0 0
1 0 0
2 0 0
3 1 0
4 1 0
5 1 0
6 0 0
7 1 0
8 0 0
9 1 0
10 1 0
11 0 0
12 0 0
13 1 0
14 0 0
15 1 0
16 1 0
17 1 0
18 0 0
19 0 0
20 1 0
21 0 0
22 0 0
23 1 0
24 1 0
25 1 0
26 1 0
27 1 0
28 0 0
29 1 0
30 1 0
31 1 0
32 0 0
33 0 0
34 1 0
35 1 0
36 0 0
37 1 0
38 1 0
39 0 0
40 0 0
41 1 0
42 0 0
43 1 0
44 1 0
45 0 0
46 0 0
47 1 0
48 0 0
49 0 0
50 0 0
51 1 0
52 0 0
53 1 0
54 0 0
55 0 0
56 0 0
57 0 0
58 0 0
59 0 0
60 1 0
61 1 0
62 1 0
63 0 0
64 0 0
65 0 0
66 1 0
67 1 0
68 1 0
69 1 0
70 0 0
71 1 0
72 1 0
73 0 0
74 0 0
75 1 0
76 0 0
77 1 0
78 1 0
79 0 0
80 0 0
81 1 0
82 0 0
83 0 0
84 1 0
85 1 0
86 0 0
87 1 0
88 0 0
89 1 0
90 1 0
91 1 0
92 0 0
93 0 0
94 0 0
95 0 0
96 0 0
97 0 0
98 1 0
99 1 0
100 0 0
101 1 0
102 0 0
103 0 0
104 1 0
105 0 0
106 1 0
107 0 0
108 0 0
109 0 0
110 0 0
111 1 0
112 0 0
113 1 1
114 0 1
115 1 1
116 0 1
117 1 1
118 1 1
119 0 1
120 0 1
121 1 1
122 0 1
123 1 1
124 0 1
125 1 1
126 0 1
127 1 1
0 1 5
0 2 2
0 3 4
0 4 6
0 5 10
0 6 5
0 7 6
0 8 1
0 9 6
0 10 5
0 11 7
0 12 5
0 13 8
0 14 5
0 15 7
0 16 6
0 17 6
0 18 6
0 19 7
0 20 6
0 21 2
0 22 6
0 23 1
0 24 8
0 25 2
0 26 6
0 27 6
0 28 5
0 29 3
0 30 6
0 31 1
0 32 5
0 33 6
0 34 6
0 35 2
0 36 6
0 37 1
0 38 2
0 39 5
0 40 7
0 41 1
0 42 2
0 43 1
0 44 7
0 45 8
0 46 2
0 47 4
0 48 2
0 49 5
0 50 6
0 51 3
0 52 1
0 53 6
0 54 7
0 55 8
0 56 2
0 57 1
0 58 6
0 59 10
0 60 1
0 61 6
0 62 2
0 63 1
0 64 5
0 65 5
0 66 1
0 67 4
0 68 6
0 69 9
0 70 6
0 71 5
0 72 1
0 73 5
0 74 6
0 75 6
0 76 6
0 77 8
0 78 6
0 79 7
0 80 7
0 81 6
0 82 6
0 83 7
0 84 6
0 85 2
0 86 6
0 87 1
0 88 8
0 89 2
0 90 6
0 91 6
0 92 6
0 93 2
0 94 5
0 95 1
0 96 6
0 97 7
0 98 6
0 99 1
0 100 4
0 101 2
0 102 1
0 103 5
0 104 7
0 105 1
0 106 2
0 107 1
0 108 7
0 109 7
0 110 2
0 111 4
0 112 2
0 113 6
0 114 7
0 115 2
0 116 1
0 117 6
0 118 7
0 119 9
0 120 2
0 121 1
0 122 6
0 123 9
0 124 2
0 125 2
0 126 2
0 127 5
1 2 1
1 3 6
1 4 5
1 5 5
1 6 3
1 7 4
1 8 1
1 9 5
1 10 10
1 11 5
1 12 1
1 13 4
1 14 3
1 15 5
1 16 3
1 17 3
1 18 4
1 19 1
1 20 4
1 21 5
1 22 1
1 23 1
1 24 5
1 25 1
1 26 5
1 27 1
1 28 5
1 29 5
1 30 4
1 31 4
1 32 1
1 33 3
1 34 3
1 35 6
1 36 4
1 37 1
1 38 1
1 39 1
1 40 1
1 41 3
1 42 6
1 43 1
1 44 8
1 45 5
1 46 6
1 47 1
1 48 1
1 49 4
1 50 3
1 51 5
1 52 8
1 53 8
1 54 10
1 55 1
1 56 1
1 57 9
1 58 4
1 59 5
1 60 3
1 61 4
1 62 1
1 63 1
1 64 3
1 65 3
1 66 1
1 67 6
1 68 4
1 69 3
1 70 4
1 71 1
1 72 1
1 73 3
1 74 6
1 75 5
1 76 4
1 77 5
1 78 5
1 79 4
1 80 5
1 81 4
1 82 4
1 83 1
1 84 8
1 85 8
1 86 4
1 87 1
1 88 5
1 89 4
1 90 4
1 91 1
1 92 7
1 93 5
1 94 3
1 95 4
1 96 1
1 97 5
1 98 3
1 99 4
1 100 3
1 101 4
1 102 5
1 103 1
1 104 1
1 105 4
1 106 6
1 107 1
1 108 5
1 109 4
1 110 9
1 111 1
1 112 1
1 113 4
1 114 5
1 115 4
1 116 4
1 117 5
1 118 10
1 119 4
1 120 4
1 121 4
1 122 5
1 123 8
1 124 4
1 125 8
1 126 1
1 127 6
2 3 4
2 4 5
2 5 6
2 6 4
2 7 10
2 8 6
2 9 2
2 10 5
2 11 5
2 12 4
2 13 1
2 14 4
2 15 6
2 16 4
2 17 4
2 18 4
2 19 1
2 20 5
2 21 6
2 22 6
2 23 5
2 24 6
2 25 1
2 26 5
2 27 1
2 28 1
2 29 7
2 30 5
2 31 5
2 32 4
2 33 4
2 34 4
2 35 7
2 36 6
2 37 1
2 38 5
2 39 5
2 40 6
2 41 4
2 42 2
2 43 5
2 44 1
2 45 6
2 46 5
2 47 5
2 48 6
2 49 2
2 50 1
2 51 6
2 52 6
2 53 5
2 54 5
2 55 4
2 56 5
2 57 7
2 58 5
2 59 2
2 60 4
2 61 5
2 62 1
2 63 1
2 64 1
2 65 1
2 66 4
2 67 4
2 68 5
2 69 4
2 70 5
2 71 9
2 72 7
2 73 1
2 74 6
2 75 5
2 76 5
2 77 2
2 78 5
2 79 5
2 80 6
2 81 6
2 82 4
2 83 2
2 84 5
2 85 5
2 86 5
2 87 5
2 88 5
2 89 2
2 90 5
2 91 2
2 92 2
2 93 7
2 94 4
2 95 5
2 96 5
2 97 6
2 98 4
2 99 5
2 100 5
2 101 2
2 102 5
2 103 4
2 104 5
2 105 5
2 106 2
2 107 4
2 108 2
2 109 5
2 110 5
2 111 6
2 112 5
2 113 1
2 114 2
2 115 6
2 116 6
2 117 6
2 118 5
2 119 5
2 120 5
2 121 5
2 122 5
2 123 6
2 124 5
2 125 6
2 126 2
2 127 5
3 4 6
3 5 9
3 6 6
3 7 6
3 8 10
3 9 6
3 10 5
3 11 7
3 12 9
3 13 10
3 14 5
3 15 8
3 16 2
3 17 2
3 18 6
3 19 3
3 20 7
3 21 6
3 22 7
3 23 5
3 24 2
3 25 7
3 26 8
3 27 6
3 28 6
3 29 6
3 30 7
3 31 7
3 32 1
3 33 5
3 34 6
3 35 9
3 36 6
3 37 9
3 38 6
3 39 6
3 40 8
3 41 6
3 42 6
3 43 9
3 44 10
3 45 9
3 46 7
3 47 10
3 48 2
3 49 9
3 50 6
3 51 6
3 52 7
3 53 7
3 54 10
3 55 7
3 56 6
3 57 1
3 58 7
3 59 9
3 60 6
3 61 2
3 62 7
3 63 2
3 64 3
3 65 6
3 66 2
3 67 6
3 68 6
3 69 8
3 70 7
3 71 5
3 72 10
3 73 5
3 74 6
3 75 6
3 76 10
3 77 7
3 78 6
3 79 8
3 80 3
3 81 2
3 82 6
3 83 3
3 84 7
3 85 6
3 86 7
3 87 5
3 88 2
3 89 7
3 90 8
3 91 6
3 92 7
3 93 5
3 94 6
3 95 8
3 96 2
3 97 6
3 98 6
3 99 8
3 100 4
3 101 10
3 102 5
3 103 6
3 104 8
3 105 6
3 106 6
3 107 9
3 108 10
3 109 8
3 110 7
3 111 10
3 112 2
3 113 10
3 114 7
3 115 5
3 116 7
3 117 7
3 118 10
3 119 8
3 120 6
3 121 1
3 122 7
3 123 6
3 124 6
3 125 6
3 126 9
3 127 9
4 5 6
4 6 7
4 7 6
4 8 6
4 9 5
4 10 9
4 11 8
4 12 6
4 13 6
4 14 5
4 15 10
4 16 1
4 17 1
4 18 7
4 19 1
4 20 2
4 21 5
4 22 5
4 23 1
4 24 5
4 25 5
4 26 6
4 27 6
4 28 9
4 29 7
4 30 2
4 31 4
4 32 1
4 33 1
4 34 4
4 35 10
4 36 6
4 37 5
4 38 2
4 39 4
4 40 6
4 41 4
4 42 6
4 43 1
4 44 7
4 45 5
4 46 6
4 47 6
4 48 1
4 49 6
4 50 5
4 51 6
4 52 7
4 53 7
4 54 8
4 55 5
4 56 6
4 57 6
4 58 5
4 59 2
4 60 7
4 61 7
4 62 2
4 63 1
4 64 5
4 65 5
4 66 3
4 67 6
4 68 6
4 69 5
4 70 8
4 71 4
4 72 6
4 73 4
4 74 9
4 75 6
4 76 8
4 77 5
4 78 6
4 79 10
4 80 1
4 81 1
4 82 7
4 83 1
4 84 3
4 85 6
4 86 6
4 87 1
4 88 6
4 89 6
4 90 5
4 91 6
4 92 9
4 93 5
4 94 1
4 95 6
4 96 1
4 97 1
4 98 5
4 99 9
4 100 3
4 101 6
4 102 1
4 103 5
4 104 6
4 105 4
4 106 7
4 107 1
4 108 6
4 109 4
4 110 6
4 111 5
4 112 1
4 113 8
4 114 6
4 115 4
4 116 7
4 117 7
4 118 8
4 119 7
4 120 6
4 121 5
4 122 6
4 123 1
4 124 5
4 125 7
4 126 1
4 127 5
5 6 5
5 7 2
5 8 7
5 9 2
5 10 5
5 11 6
5 12 9
5 13 7
5 14 6
5 15 3
5 16 5
5 17 1
5 18 1
5 19 2
5 20 6
5 21 6
5 22 2
5 23 5
5 24 6
5 25 7
5 26 6
5 27 10
5 28 5
5 29 2
5 30 8
5 31 6
5 32 5
5 33 6
5 34 1
5 35 7
5 36 7
5 37 5
5 38 6
5 39 7
5 40 6
5 41 5
5 42 6
5 43 5
5 44 6
5 45 7
5 46 7
5 47 8
5 48 6
5 49 5
5 50 5
5 51 2
5 52 6
5 53 6
5 54 2
5 55 5
5 56 6
5 57 1
5 58 6
5 59 10
5 60 5
5 61 6
5 62 2
5 63 1
5 64 9
5 65 5
5 66 4
5 67 9
5 68 6
5 69 9
5 70 6
5 71 1
5 72 7
5 73 1
5 74 6
5 75 5
5 76 10
5 77 7
5 78 7
5 79 3
5 80 6
5 81 1
5 82 1
5 83 2
5 84 6
5 85 6
5 86 2
5 87 5
5 88 6
5 89 7
5 90 6
5 91 10
5 92 6
5 93 1
5 94 7
5 95 7
5 96 6
5 97 7
5 98 1
5 99 6
5 100 5
5 101 6
5 102 5
5 103 7
5 104 6
5 105 5
5 106 6
5 107 5
5 108 6
5 109 6
5 110 7
5 111 8
5 112 6
5 113 6
5 114 6
5 115 1
5 116 6
5 117 6
5 118 2
5 119 6
5 120 6
5 121 1
5 122 6
5 123 7
5 124 6
5 125 6
5 126 2
5 127 5
6 7 4
6 8 6
6 9 1
6 10 5
6 11 7
6 12 6
6 13 6
6 14 7
6 15 9
6 16 2
6 17 2
6 18 5
6 19 8
6 20 4
6 21 4
6 22 5
6 23 3
6 24 1
6 25 5
6 26 5
6 27 5
6 28 10
6 29 10
6 30 2
6 31 1
6 32 2
6 33 6
6 34 5
6 35 7
6 36 6
6 37 6
6 38 2
6 39 1
6 40 5
6 41 5
6 42 5
6 43 1
6 44 4
6 45 4
6 46 2
6 47 6
6 48 1
6 49 1
6 50 3
6 51 6
6 52 4
6 53 1
6 54 6
6 55 5
6 56 6
6 57 3
6 58 6
6 59 5
6 60 6
6 61 2
6 62 2
6 63 1
6 64 6
6 65 6
6 66 4
6 67 6
6 68 8
6 69 6
6 70 6
6 71 5
6 72 5
6 73 1
6 74 7
6 75 6
6 76 5
6 77 5
6 78 5
6 79 10
6 80 1
6 81 1
6 82 5
6 83 7
6 84 2
6 85 4
6 86 4
6 87 1
6 88 1
6 89 3
6 90 6
6 91 5
6 92 9
6 93 9
6 94 2
6 95 2
6 96 2
6 97 5
6 98 6
6 99 8
6 100 4
6 101 4
6 102 1
6 103 2
6 104 6
6 105 5
6 106 5
6 107 1
6 108 5
6 109 5
6 110 1
6 111 4
6 112 1
6 113 2
6 114 1
6 115 6
6 116 6
6 117 1
6 118 6
6 119 4
6 120 5
6 121 5
6 122 5
6 123 3
6 124 6
6 125 1
6 126 1
6 127 6
7 8 5
7 9 2
7 10 8
7 11 5
7 12 4
7 13 6
7 14 4
7 15 7
7 16 4
7 17 4
7 18 4
7 19 5
7 20 1
7 21 6
7 22 6
7 23 4
7 24 6
7 25 5
7 26 6
7 27 6
7 28 4
7 29 5
7 30 5
7 31 1
7 32 1
7 33 4
7 34 4
7 35 6
7 36 5
7 37 4
7 38 5
7 39 5
7 40 6
7 41 4
7 42 6
7 43 5
7 44 7
7 45 6
7 46 7
7 47 5
7 48 7
7 49 5
7 50 4
7 51 7
7 52 8
7 53 8
7 54 7
7 55 4
7 56 6
7 57 7
7 58 5
7 59 6
7 60 5
7 61 5
7 62 5
7 63 5
7 64 4
7 65 1
7 66 8
7 67 6
7 68 5
7 69 1
7 70 5
7 71 5
7 72 6
7 73 1
7 74 6
7 75 5
7 76 7
7 77 6
7 78 6
7 79 6
7 80 6
7 81 5
7 82 4
7 83 6
7 84 3
7 85 7
7 86 7
7 87 4
7 88 6
7 89 7
7 90 5
7 91 6
7 92 6
7 93 5
7 94 4
7 95 1
7 96 1
7 97 6
7 98 4
7 99 4
7 100 4
7 101 7
7 102 8
7 103 4
7 104 5
7 105 5
7 106 6
7 107 4
7 108 6
7 109 5
7 110 8
7 111 6
7 112 7
7 113 5
7 114 6
7 115 6
7 116 6
7 117 7
7 118 7
7 119 7
7 120 7
7 121 4
7 122 6
7 123 7
7 124 5
7 125 7
7 126 6
7 127 5
8 9 5
8 10 5
8 11 8
8 12 3
8 13 10
8 14 6
8 15 2
8 16 6
8 17 6
8 18 7
8 19 2
8 20 4
8 21 6
8 22 6
8 23 3
8 24 6
8 25 5
8 26 2
8 27 7
8 28 10
8 29 3
8 30 7
8 31 6
8 32 7
8 33 2
8 34 3
8 35 2
8 36 7
8 37 10
8 38 7
8 39 5
8 40 6
8 41 7
8 42 3
8 43 2
8 44 6
8 45 6
8 46 6
8 47 8
8 48 3
8 49 7
8 50 8
8 51 8
8 52 6
8 53 6
8 54 9
8 55 5
8 56 4
8 57 1
8 58 6
8 59 2
8 60 7
8 61 7
8 62 3
8 63 1
8 64 1
8 65 2
8 66 5
8 67 10
8 68 7
8 69 7
8 70 7
8 71 5
8 72 6
8 73 5
8 74 7
8 75 6
8 76 3
8 77 8
8 78 6
8 79 3
8 80 6
8 81 5
8 82 7
8 83 2
8 84 3
8 85 6
8 86 5
8 87 2
8 88 6
8 89 4
8 90 2
8 91 7
8 92 10
8 93 1
8 94 6
8 95 8
8 96 8
8 97 2
8 98 4
8 99 2
8 100 4
8 101 9
8 102 4
8 103 6
8 104 7
8 105 7
8 106 3
8 107 2
8 108 7
8 109 6
8 110 5
8 111 6
8 112 3
8 113 9
8 114 8
8 115 7
8 116 8
8 117 7
8 118 9
8 119 5
8 120 3
8 121 1
8 122 6
8 123 1
8 124 8
8 125 6
8 126 3
8 127 1
9 10 5
9 11 5
9 12 4
9 13 6
9 14 4
9 15 6
9 16 7
9 17 5
9 18 4
9 19 5
9 20 5
9 21 6
9 22 2
9 23 4
9 24 7
9 25 1
9 26 9
9 27 5
9 28 4
9 29 1
9 30 5
9 31 9
9 32 7
9 33 7
9 34 4
9 35 2
9 36 5
9 37 4
9 38 1
9 39 1
9 40 9
9 41 8
9 42 2
9 43 1
9 44 6
9 45 7
9 46 1
9 47 5
9 48 2
9 49 10
9 50 1
9 51 7
9 52 1
9 53 5
9 54 1
9 55 8
9 56 5
9 57 6
9 58 5
9 59 6
9 60 4
9 61 6
9 62 9
9 63 1
9 64 4
9 65 4
9 66 1
9 67 6
9 68 5
9 69 1
9 70 1
9 71 1
9 72 6
9 73 4
9 74 6
9 75 5
9 76 5
9 77 7
9 78 5
9 79 5
9 80 9
9 81 7
9 82 4
9 83 6
9 84 5
9 85 5
9 86 1
9 87 4
9 88 6
9 89 2
9 90 9
9 91 6
9 92 6
9 93 1
9 94 4
9 95 9
9 96 8
9 97 9
9 98 4
9 99 1
9 100 4
9 101 6
9 102 1
9 103 1
9 104 8
9 105 9
9 106 2
9 107 1
9 108 7
9 109 6
9 110 1
9 111 6
9 112 1
9 113 9
9 114 2
9 115 7
9 116 1
9 117 6
9 118 1
9 119 9
9 120 5
9 121 4
9 122 5
9 123 7
9 124 7
9 125 7
9 126 8
9 127 6
10 11 6
10 12 3
10 13 4
10 14 3
10 15 7
10 16 3
10 17 1
10 18 7
10 19 1
10 20 6
10 21 5
10 22 1
10 23 1
10 24 5
10 25 4
10 26 5
10 27 5
10 28 3
10 29 8
10 30 4
10 31 4
10 32 3
10 33 3
10 34 3
10 35 7
10 36 4
10 37 3
10 38 5
10 39 4
10 40 5
10 41 3
10 42 5
10 43 4
10 44 4
10 45 5
10 46 6
10 47 4
10 48 5
10 49 4
10 50 3
10 51 5
10 52 9
10 53 10
10 54 6
10 55 4
10 56 9
10 57 4
10 58 4
10 59 5
10 60 3
10 61 4
10 62 1
10 63 1
10 64 3
10 65 4
10 66 3
10 67 5
10 68 8
10 69 3
10 70 6
10 71 4
10 72 6
10 73 3
10 74 5
10 75 6
10 76 8
10 77 5
10 78 5
10 79 6
10 80 5
10 81 1
10 82 7
10 83 1
10 84 10
10 85 8
10 86 4
10 87 1
10 88 5
10 89 8
10 90 4
10 91 5
10 92 5
10 93 8
10 94 3
10 95 4
10 96 4
10 97 5
10 98 3
10 99 5
10 100 3
10 101 8
10 102 10
10 103 3
10 104 4
10 105 4
10 106 5
10 107 3
10 108 1
10 109 4
10 110 9
10 111 5
10 112 5
10 113 4
10 114 5
10 115 4
10 116 5
10 117 9
10 118 6
10 119 9
10 120 10
10 121 1
10 122 5
10 123 8
10 124 4
10 125 8
10 126 1
10 127 4
11 12 5
11 13 10
11 14 6
11 15 8
11 16 2
11 17 6
11 18 6
11 19 1
11 20 8
11 21 5
11 22 6
11 23 2
11 24 6
11 25 6
11 26 2
11 27 6
11 28 10
11 29 9
11 30 8
11 31 5
11 32 4
11 33 6
11 34 5
11 35 7
11 36 7
11 37 8
11 38 7
11 39 5
11 40 7
11 41 5
11 42 7
11 43 1
11 44 6
11 45 5
11 46 2
11 47 9
11 48 3
11 49 6
11 50 3
11 51 6
11 52 6
11 53 6
11 54 7
11 55 5
11 56 8
11 57 1
11 58 6
11 59 6
11 60 6
11 61 7
11 62 9
11 63 1
11 64 7
11 65 7
11 66 4
11 67 7
11 68 9
11 69 6
11 70 8
11 71 5
11 72 7
11 73 5
11 74 8
11 75 5
11 76 5
11 77 7
11 78 6
11 79 9
11 80 2
11 81 5
11 82 6
11 83 1
11 84 7
11 85 5
11 86 5
11 87 1
11 88 6
11 89 5
11 90 2
11 91 6
11 92 10
11 93 7
11 94 7
11 95 7
11 96 5
11 97 6
11 98 6
11 99 7
11 100 4
11 101 7
11 102 4
11 103 6
11 104 8
11 105 5
11 106 7
11 107 1
11 108 7
11 109 5
11 110 1
11 111 7
11 112 3
11 113 8
11 114 3
11 115 5
11 116 8
11 117 7
11 118 7
11 119 5
11 120 7
11 121 1
11 122 6
11 123 5
11 124 6
11 125 5
11 126 3
11 127 6
12 13 7
12 14 5
12 15 5
12 16 6
12 17 6
12 18 6
12 19 8
12 20 6
12 21 4
12 22 5
12 23 1
12 24 5
12 25 7
12 26 4
12 27 1
12 28 8
12 29 1
12 30 1
12 31 10
12 32 6
12 33 6
12 34 8
12 35 5
12 36 4
12 37 3
12 38 6
12 39 6
12 40 5
12 41 10
12 42 1
12 43 4
12 44 1
12 45 4
12 46 5
12 47 6
12 48 2
12 49 5
12 50 5
12 51 5
12 52 4
12 53 4
12 54 4
12 55 9
12 56 4
12 57 1
12 58 6
12 59 5
12 60 6
12 61 5
12 62 1
12 63 9
12 64 6
12 65 2
12 66 6
12 67 9
12 68 6
12 69 10
12 70 6
12 71 6
12 72 3
12 73 7
12 74 5
12 75 6
12 76 4
12 77 5
12 78 4
12 79 5
12 80 5
12 81 5
12 82 7
12 83 7
12 84 4
12 85 4
12 86 4
12 87 3
12 88 4
12 89 4
12 90 6
12 91 1
12 92 7
12 93 2
12 94 2
12 95 9
12 96 5
12 97 5
12 98 7
12 99 6
12 100 6
12 101 1
12 102 4
12 103 6
12 104 5
12 105 10
12 106 1
12 107 5
12 108 1
12 109 6
12 110 5
12 111 5
12 112 1
12 113 5
12 114 5
12 115 5
12 116 5
12 117 5
12 118 4
12 119 6
12 120 4
12 121 3
12 122 4
12 123 3
12 124 7
12 125 4
12 126 1
12 127 7
13 14 6
13 15 2
13 16 2
13 17 7
13 18 6
13 19 2
13 20 8
13 21 5
13 22 6
13 23 2
13 24 2
13 25 6
13 26 6
13 27 6
13 28 10
13 29 2
13 30 7
13 31 1
13 32 2
13 33 2
13 34 7
13 35 2
13 36 7
13 37 10
13 38 3
13 39 5
13 40 6
13 41 6
13 42 9
13 43 7
13 44 5
13 45 6
13 46 7
13 47 7
13 48 2
13 49 7
13 50 9
13 51 8
13 52 5
13 53 6
13 54 9
13 55 5
13 56 10
13 57 1
13 58 6
13 59 6
13 60 8
13 61 7
13 62 8
13 63 1
13 64 8
13 65 6
13 66 1
13 67 10
13 68 7
13 69 7
13 70 7
13 71 6
13 72 10
13 73 6
13 74 6
13 75 8
13 76 7
13 77 6
13 78 6
13 79 3
13 80 2
13 81 6
13 82 6
13 83 2
13 84 7
13 85 5
13 86 5
13 87 1
13 88 2
13 89 5
13 90 6
13 91 6
13 92 10
13 93 1
13 94 6
13 95 3
13 96 3
13 97 2
13 98 8
13 99 2
13 100 4
13 101 9
13 102 1
13 103 6
13 104 7
13 105 6
13 106 9
13 107 7
13 108 6
13 109 6
13 110 6
13 111 5
13 112 2
13 113 9
13 114 9
13 115 7
13 116 7
13 117 7
13 118 9
13 119 5
13 120 9
13 121 1
13 122 6
13 123 4
13 124 7
13 125 6
13 126 8
13 127 5
14 15 5
14 16 6
14 17 6
14 18 7
14 19 6
14 20 6
14 21 4
14 22 1
14 23 7
14 24 5
14 25 6
14 26 5
14 27 1
14 28 6
14 29 6
14 30 6
14 31 5
14 32 7
14 33 6
14 34 5
14 35 5
14 36 6
14 37 8
14 38 7
14 39 5
14 40 5
14 41 5
14 42 5
14 43 5
14 44 1
14 45 4
14 46 1
14 47 6
14 48 5
14 49 5
14 50 7
14 51 5
14 52 4
14 53 1
14 54 5
14 55 5
14 56 5
14 57 1
14 58 6
14 59 5
14 60 6
14 61 6
14 62 2
14 63 5
14 64 6
14 65 6
14 66 4
14 67 5
14 68 6
14 69 7
14 70 6
14 71 5
14 72 5
14 73 5
14 74 5
14 75 5
14 76 4
14 77 5
14 78 5
14 79 6
14 80 5
14 81 5
14 82 7
14 83 5
14 84 4
14 85 4
14 86 1
14 87 5
14 88 5
14 89 4
14 90 6
14 91 1
14 92 5
14 93 5
14 94 6
14 95 6
14 96 7
14 97 5
14 98 6
14 99 6
14 100 4
14 101 6
14 102 4
14 103 6
14 104 6
14 105 5
14 106 5
14 107 5
14 108 1
14 109 5
14 110 1
14 111 4
14 112 5
14 113 6
14 114 5
14 115 5
14 116 6
14 117 1
14 118 5
14 119 4
14 120 4
14 121 1
14 122 5
14 123 3
14 124 6
14 125 4
14 126 1
14 127 5
15 16 1
15 17 2
15 18 9
15 19 1
15 20 8
15 21 6
15 22 7
15 23 6
15 24 2
15 25 1
15 26 6
15 27 6
15 28 6
15 29 3
15 30 7
15 31 1
15 32 1
15 33 6
15 34 5
15 35 2
15 36 6
15 37 5
15 38 2
15 39 5
15 40 6
15 41 5
15 42 7
15 43 5
15 44 7
15 45 6
15 46 4
15 47 7
15 48 3
15 49 3
15 50 1
15 51 2
15 52 3
15 53 2
15 54 8
15 55 6
15 56 10
15 57 1
15 58 6
15 59 6
15 60 3
15 61 6
15 62 2
15 63 1
15 64 6
15 65 5
15 66 4
15 67 8
15 68 10
15 69 2
15 70 10
15 71 6
15 72 2
15 73 5
15 74 8
15 75 7
15 76 6
15 77 6
15 78 6
15 79 10
15 80 1
15 81 2
15 82 9
15 83 1
15 84 8
15 85 6
15 86 7
15 87 6
15 88 2
15 89 1
15 90 6
15 91 6
15 92 7
15 93 2
15 94 6
15 95 2
15 96 1
15 97 7
15 98 5
15 99 1
15 100 4
15 101 6
15 102 1
15 103 5
15 104 6
15 105 5
15 106 7
15 107 5
15 108 7
15 109 5
15 110 4
15 111 7
15 112 3
15 113 4
15 114 2
15 115 1
15 116 3
15 117 2
15 118 8
15 119 7
15 120 10
15 121 1
15 122 6
15 123 5
15 124 2
15 125 7
15 126 2
15 127 6
16 17 10
16 18 1
16 19 6
16 20 6
16 21 4
16 22 5
16 23 6
16 24 9
16 25 7
16 26 8
16 27 1
16 28 6
16 29 1
16 30 6
16 31 10
16 32 10
16 33 10
16 34 6
16 35 1
16 36 1
16 37 8
16 38 6
16 39 6
16 40 5
16 41 10
16 42 1
16 43 1
16 44 8
16 45 5
16 46 1
16 47 6
16 48 1
16 49 5
16 50 6
16 51 5
16 52 1
16 53 4
16 54 1
16 55 10
16 56 1
16 57 3
16 58 6
16 59 6
16 60 6
16 61 7
16 62 2
16 63 6
16 64 7
16 65 6
16 66 5
16 67 2
16 68 1
16 69 6
16 70 2
16 71 6
16 72 5
16 73 9
16 74 5
16 75 2
16 76 4
16 77 1
16 78 5
16 79 1
16 80 5
16 81 9
16 82 1
16 83 5
16 84 4
16 85 4
16 86 4
16 87 6
16 88 9
16 89 4
16 90 9
16 91 1
16 92 5
16 93 1
16 94 6
16 95 10
16 96 10
16 97 9
16 98 6
16 99 2
16 100 1
16 101 6
16 102 3
16 103 6
16 104 6
16 105 10
16 106 1
16 107 1
16 108 9
16 109 7
16 110 1
16 111 4
16 112 1
16 113 6
16 114 5
16 115 5
16 116 2
16 117 5
16 118 1
16 119 8
16 120 1
16 121 6
16 122 5
16 123 3
16 124 8
16 125 5
16 126 1
16 127 8
17 18 1
17 19 6
17 20 6
17 21 1
17 22 5
17 23 6
17 24 9
17 25 6
17 26 1
17 27 1
17 28 6
17 29 2
17 30 2
17 31 2
17 32 7
17 33 10
17 34 6
17 35 5
17 36 1
17 37 8
17 38 7
17 39 6
17 40 5
17 41 2
17 42 1
17 43 7
17 44 8
17 45 4
17 46 1
17 47 6
17 48 1
17 49 5
17 50 6
17 51 5
17 52 4
17 53 1
17 54 4
17 55 10
17 56 6
17 57 3
17 58 2
17 59 5
17 60 6
17 61 7
17 62 2
17 63 2
17 64 7
17 65 6
17 66 5
17 67 2
17 68 1
17 69 2
17 70 2
17 71 6
17 72 5
17 73 7
17 74 1
17 75 6
17 76 4
17 77 6
17 78 5
17 79 3
17 80 9
17 81 9
17 82 2
17 83 5
17 84 4
17 85 1
17 86 4
17 87 6
17 88 9
17 89 3
17 90 2
17 91 1
17 92 5
17 93 2
17 94 2
17 95 2
17 96 7
17 97 9
17 98 6
17 99 6
17 100 1
17 101 6
17 102 4
17 103 6
17 104 6
17 105 2
17 106 1
17 107 7
17 108 9
17 109 6
17 110 1
17 111 4
17 112 1
17 113 6
17 114 5
17 115 5
17 116 6
17 117 1
17 118 4
17 119 8
17 120 5
17 121 6
17 122 1
17 123 3
17 124 7
17 125 4
17 126 1
17 127 3
18 19 1
18 20 6
18 21 6
18 22 6
18 23 3
18 24 5
18 25 1
18 26 5
18 27 6
18 28 1
18 29 6
18 30 7
18 31 1
18 32 1
18 33 6
18 34 5
18 35 6
18 36 6
18 37 5
18 38 7
18 39 1
18 40 5
18 41 4
18 42 1
18 43 1
18 44 4
18 45 1
18 46 1
18 47 6
18 48 1
18 49 5
18 50 10
18 51 1
18 52 5
18 53 4
18 54 8
18 55 1
18 56 5
18 57 3
18 58 5
18 59 1
18 60 5
18 61 6
18 62 2
18 63 1
18 64 6
18 65 6
18 66 3
18 67 6
18 68 8
18 69 1
18 70 4
18 71 4
18 72 6
18 73 4
18 74 9
18 75 4
18 76 6
18 77 5
18 78 5
18 79 10
18 80 1
18 81 1
18 82 10
18 83 1
18 84 5
18 85 6
18 86 5
18 87 1
18 88 5
18 89 1
18 90 5
18 91 6
18 92 1
18 93 4
18 94 6
18 95 2
18 96 2
18 97 6
18 98 6
18 99 6
18 100 3
18 101 4
18 102 4
18 103 1
18 104 6
18 105 4
18 106 1
18 107 1
18 108 5
18 109 1
18 110 1
18 111 4
18 112 1
18 113 7
18 114 8
18 115 1
18 116 7
18 117 5
18 118 8
18 119 1
18 120 4
18 121 4
18 122 5
18 123 3
18 124 5
18 125 1
18 126 1
18 127 4
19 20 2
19 21 1
19 22 2
19 23 2
19 24 9
19 25 6
19 26 5
19 27 1
19 28 1
19 29 2
19 30 10
19 31 8
19 32 6
19 33 6
19 34 6
19 35 2
19 36 1
19 37 3
19 38 6
19 39 2
19 40 2
19 41 6
19 42 2
19 43 3
19 44 5
19 45 1
19 46 1
19 47 2
19 48 1
19 49 3
19 50 1
19 51 2
19 52 1
19 53 1
19 54 5
19 55 6
19 56 1
19 57 5
19 58 6
19 59 2
19 60 7
19 61 2
19 62 2
19 63 8
19 64 7
19 65 1
19 66 1
19 67 3
19 68 1
19 69 2
19 70 8
19 71 6
19 72 2
19 73 6
19 74 2
19 75 1
19 76 7
19 77 2
19 78 5
19 79 1
19 80 6
19 81 6
19 82 1
19 83 6
19 84 1
19 85 1
19 86 1
19 87 2
19 88 8
19 89 4
19 90 6
19 91 2
19 92 1
19 93 2
19 94 10
19 95 8
19 96 6
19 97 6
19 98 6
19 99 2
19 100 1
19 101 2
19 102 4
19 103 2
19 104 2
19 105 6
19 106 2
19 107 3
19 108 6
19 109 1
19 110 1
19 111 1
19 112 1
19 113 3
19 114 1
19 115 2
19 116 2
19 117 2
19 118 5
19 119 5
19 120 1
19 121 7
19 122 5
19 123 1
19 124 7
19 125 1
19 126 1
19 127 8
20 21 5
20 22 6
20 23 6
20 24 2
20 25 8
20 26 1
20 27 6
20 28 7
20 29 2
20 30 6
20 31 7
20 32 8
20 33 6
20 34 6
20 35 6
20 36 5
20 37 8
20 38 6
20 39 6
20 40 6
20 41 7
20 42 6
20 43 10
20 44 5
20 45 6
20 46 6
20 47 7
20 48 3
20 49 6
20 50 8
20 51 6
20 52 6
20 53 7
20 54 7
20 55 2
20 56 7
20 57 4
20 58 6
20 59 6
20 60 6
20 61 6
20 62 8
20 63 6
20 64 6
20 65 6
20 66 5
20 67 7
20 68 2
20 69 6
20 70 4
20 71 2
20 72 4
20 73 6
20 74 8
20 75 8
20 76 5
20 77 6
20 78 5
20 79 8
20 80 6
20 81 6
20 82 7
20 83 2
20 84 5
20 85 5
20 86 5
20 87 6
20 88 1
20 89 6
20 90 1
20 91 7
20 92 7
20 93 2
20 94 6
20 95 7
20 96 8
20 97 6
20 98 6
20 99 6
20 100 5
20 101 7
20 102 4
20 103 6
20 104 6
20 105 7
20 106 6
20 107 10
20 108 6
20 109 7
20 110 6
20 111 6
20 112 2
20 113 6
20 114 8
20 115 6
20 116 7
20 117 8
20 118 7
20 119 1
20 120 7
20 121 6
20 122 5
20 123 4
20 124 6
20 125 5
20 126 10
20 127 6
21 22 6
21 23 1
21 24 7
21 25 1
21 26 5
21 27 5
21 28 4
21 29 5
21 30 5
21 31 5
21 32 4
21 33 4
21 34 4
21 35 7
21 36 5
21 37 1
21 38 5
21 39 1
21 40 6
21 41 6
21 42 6
21 43 5
21 44 8
21 45 6
21 46 6
21 47 5
21 48 7
21 49 6
21 50 4
21 51 6
21 52 5
21 53 5
21 54 5
21 55 4
21 56 5
21 57 10
21 58 6
21 59 2
21 60 5
21 61 1
21 62 1
21 63 1
21 64 1
21 65 4
21 66 4
21 67 6
21 68 5
21 69 4
21 70 5
21 71 5
21 72 7
21 73 4
21 74 6
21 75 5
21 76 5
21 77 6
21 78 5
21 79 5
21 80 6
21 81 2
21 82 6
21 83 2
21 84 5
21 85 5
21 86 5
21 87 1
21 88 6
21 89 2
21 90 5
21 91 6
21 92 6
21 93 5
21 94 4
21 95 5
21 96 5
21 97 6
21 98 4
21 99 5
21 100 4
21 101 2
21 102 5
21 103 1
21 104 5
21 105 7
21 106 6
21 107 4
21 108 9
21 109 5
21 110 6
21 111 6
21 112 6
21 113 5
21 114 6
21 115 6
21 116 5
21 117 6
21 118 5
21 119 5
21 120 5
21 121 8
21 122 6
21 123 6
21 124 9
21 125 2
21 126 2
21 127 6
22 23 5
22 24 6
22 25 7
22 26 5
22 27 5
22 28 5
22 29 8
22 30 6
22 31 6
22 32 5
22 33 5
22 34 5
22 35 6
22 36 5
22 37 5
22 38 6
22 39 7
22 40 6
22 41 5
22 42 6
22 43 6
22 44 6
22 45 6
22 46 8
22 47 2
22 48 9
22 49 6
22 50 5
22 51 7
22 52 6
22 53 5
22 54 6
22 55 6
22 56 5
22 57 1
22 58 10
22 59 7
22 60 9
22 61 6
22 62 2
22 63 2
22 64 5
22 65 1
22 66 5
22 67 7
22 68 5
22 69 1
22 70 6
22 71 6
22 72 6
22 73 1
22 74 2
22 75 6
22 76 5
22 77 6
22 78 1
22 79 7
22 80 6
22 81 6
22 82 6
22 83 2
22 84 5
22 85 5
22 86 5
22 87 5
22 88 5
22 89 6
22 90 6
22 91 6
22 92 6
22 93 8
22 94 5
22 95 6
22 96 6
22 97 6
22 98 5
22 99 5
22 100 5
22 101 6
22 102 5
22 103 6
22 104 6
22 105 6
22 106 6
22 107 5
22 108 7
22 109 6
22 110 8
22 111 2
22 112 8
22 113 6
22 114 6
22 115 7
22 116 7
22 117 6
22 118 6
22 119 6
22 120 5
22 121 1
22 122 9
22 123 5
22 124 8
22 125 6
22 126 2
22 127 6
23 24 7
23 25 1
23 26 5
23 27 1
23 28 6
23 29 2
23 30 6
23 31 1
23 32 6
23 33 6
23 34 5
23 35 1
23 36 2
23 37 6
23 38 7
23 39 5
23 40 6
23 41 6
23 42 1
23 43 1
23 44 1
23 45 1
23 46 1
23 47 8
23 48 1
23 49 2
23 50 8
23 51 1
23 52 1
23 53 1
23 54 1
23 55 5
23 56 1
23 57 1
23 58 6
23 59 5
23 60 6
23 61 6
23 62 2
23 63 1
23 64 2
23 65 2
23 66 5
23 67 5
23 68 2
23 69 6
23 70 2
23 71 5
23 72 2
23 73 5
23 74 1
23 75 1
23 76 1
23 77 5
23 78 5
23 79 7
23 80 5
23 81 5
23 82 3
23 83 1
23 84 4
23 85 1
23 86 4
23 87 5
23 88 7
23 89 1
23 90 6
23 91 1
23 92 5
23 93 1
23 94 6
23 95 2
23 96 6
23 97 5
23 98 6
23 99 2
23 100 1
23 101 4
23 102 4
23 103 6
23 104 7
23 105 6
23 106 1
23 107 1
23 108 1
23 109 1
23 110 1
23 111 6
23 112 1
23 113 3
23 114 6
23 115 1
23 116 2
23 117 1
23 118 1
23 119 4
23 120 1
23 121 1
23 122 5
23 123 4
23 124 7
23 125 4
23 126 1
23 127 5
24 25 7
24 26 2
24 27 1
24 28 6
24 29 6
24 30 7
24 31 3
24 32 5
24 33 9
24 34 5
24 35 2
24 36 5
24 37 5
24 38 6
24 39 6
24 40 6
24 41 6
24 42 7
24 43 2
24 44 8
24 45 6
24 46 5
24 47 6
24 48 6
24 49 6
24 50 1
24 51 6
24 52 7
24 53 5
24 54 6
24 55 9
24 56 5
24 57 7
24 58 7
24 59 7
24 60 5
24 61 9
24 62 2
24 63 7
24 64 7
24 65 5
24 66 5
24 67 2
24 68 5
24 69 5
24 70 2
24 71 6
24 72 6
24 73 6
24 74 6
24 75 6
24 76 5
24 77 6
24 78 5
24 79 2
24 80 10
24 81 10
24 82 5
24 83 9
24 84 1
24 85 6
24 86 5
24 87 7
24 88 5
24 89 6
24 90 3
24 91 2
24 92 7
24 93 6
24 94 6
24 95 3
24 96 6
24 97 10
24 98 5
24 99 1
24 100 5
24 101 6
24 102 5
24 103 5
24 104 6
24 105 7
24 106 7
24 107 1
24 108 9
24 109 6
24 110 5
24 111 6
24 112 5
24 113 6
24 114 1
24 115 6
24 116 8
24 117 6
24 118 6
24 119 9
24 120 5
24 121 7
24 122 6
24 123 5
24 124 7
24 125 7
24 126 1
24 127 7
25 26 4
25 27 1
25 28 6
25 29 1
25 30 9
25 31 2
25 32 7
25 33 7
25 34 7
25 35 1
25 36 1
25 37 7
25 38 2
25 39 10
25 40 1
25 41 2
25 42 2
25 43 3
25 44 1
25 45 8
25 46 1
25 47 7
25 48 1
25 49 2
25 50 1
25 51 5
25 52 1
25 53 1
25 54 6
25 55 9
25 56 1
25 57 1
25 58 6
25 59 2
25 60 6
25 61 1
25 62 1
25 63 2
25 64 3
25 65 2
25 66 2
25 67 7
25 68 5
25 69 8
25 70 5
25 71 7
25 72 5
25 73 2
25 74 6
25 75 8
25 76 5
25 77 6
25 78 5
25 79 1
25 80 6
25 81 6
25 82 1
25 83 5
25 84 6
25 85 1
25 86 5
25 87 1
25 88 5
25 89 4
25 90 6
25 91 1
25 92 6
25 93 3
25 94 10
25 95 1
25 96 6
25 97 7
25 98 7
25 99 1
25 100 2
25 101 6
25 102 1
25 103 10
25 104 1
25 105 3
25 106 1
25 107 2
25 108 2
25 109 10
25 110 1
25 111 7
25 112 1
25 113 1
25 114 1
25 115 6
25 116 1
25 117 1
25 118 6
25 119 7
25 120 1
25 121 2
25 122 4
25 123 1
25 124 6
25 125 5
25 126 2
25 127 3
26 27 3
26 28 5
26 29 2
26 30 6
26 31 6
26 32 9
26 33 5
26 34 4
26 35 2
26 36 6
26 37 5
26 38 6
26 39 4
26 40 7
26 41 8
26 42 5
26 43 4
26 44 6
26 45 5
26 46 6
26 47 6
26 48 10
26 49 7
26 50 5
26 51 7
26 52 2
26 53 7
26 54 2
26 55 6
26 56 2
26 57 6
26 58 5
26 59 6
26 60 6
26 61 6
26 62 10
26 63 1
26 64 5
26 65 5
26 66 3
26 67 8
26 68 6
26 69 5
26 70 6
26 71 4
26 72 2
26 73 8
26 74 5
26 75 1
26 76 6
26 77 5
26 78 6
26 79 6
26 80 9
26 81 1
26 82 5
26 83 6
26 84 1
26 85 6
26 86 6
26 87 4
26 88 3
26 89 5
26 90 5
26 91 3
26 92 5
26 93 1
26 94 5
26 95 8
26 96 10
26 97 5
26 98 5
26 99 1
26 100 3
26 101 6
26 102 5
26 103 5
26 104 7
26 105 8
26 106 6
26 107 4
26 108 5
26 109 4
26 110 6
26 111 5
26 112 10
26 113 9
26 114 6
26 115 5
26 116 2
26 117 7
26 118 2
26 119 8
26 120 2
26 121 5
26 122 6
26 123 6
26 124 9
26 125 6
26 126 7
26 127 4
27 28 5
27 29 6
27 30 2
27 31 1
27 32 1
27 33 5
27 34 5
27 35 6
27 36 6
27 37 5
27 38 6
27 39 4
27 40 7
27 41 1
27 42 1
27 43 6
27 44 6
27 45 5
27 46 8
27 47 6
27 48 1
27 49 5
27 50 9
27 51 7
27 52 1
27 53 6
27 54 6
27 55 4
27 56 6
27 57 5
27 58 5
27 59 6
27 60 6
27 61 6
27 62 2
27 63 1
27 64 5
27 65 1
27 66 1
27 67 6
27 68 6
27 69 9
27 70 6
27 71 4
27 72 7
27 73 4
27 74 5
27 75 4
27 76 2
27 77 5
27 78 2
27 79 6
27 80 2
27 81 1
27 82 6
27 83 2
27 84 7
27 85 6
27 86 6
27 87 1
27 88 2
27 89 1
27 90 2
27 91 6
27 92 5
27 93 4
27 94 1
27 95 2
27 96 1
27 97 5
27 98 6
27 99 5
27 100 3
27 101 6
27 102 5
27 103 5
27 104 7
27 105 1
27 106 2
27 107 6
27 108 5
27 109 4
27 110 8
27 111 5
27 112 1
27 113 7
27 114 10
27 115 5
27 116 1
27 117 6
27 118 6
27 119 6
27 120 6
27 121 4
27 122 6
27 123 6
27 124 5
27 125 6
27 126 2
27 127 4
28 29 7
28 30 7
28 31 6
28 32 6
28 33 6
28 34 8
28 35 5
28 36 5
28 37 10
28 38 7
28 39 2
28 40 5
28 41 2
28 42 7
28 43 7
28 44 5
28 45 8
28 46 1
28 47 6
28 48 3
28 49 5
28 50 10
28 51 5
28 52 1
28 53 5
28 54 6
28 55 7
28 56 6
28 57 3
28 58 6
28 59 5
28 60 6
28 61 2
28 62 7
28 63 2
28 64 6
28 65 8
28 66 1
28 67 6
28 68 9
28 69 6
28 70 10
28 71 6
28 72 9
28 73 6
28 74 5
28 75 10
28 76 6
28 77 7
28 78 5
28 79 7
28 80 5
28 81 5
28 82 2
28 83 1
28 84 5
28 85 4
28 86 4
28 87 6
28 88 6
28 89 3
28 90 6
28 91 5
28 92 9
28 93 7
28 94 7
28 95 6
28 96 6
28 97 5
28 98 8
28 99 6
28 100 5
28 101 8
28 102 4
28 103 2
28 104 6
28 105 2
28 106 7
28 107 7
28 108 6
28 109 10
28 110 1
28 111 4
28 112 3
28 113 6
28 114 9
28 115 5
28 116 2
28 117 6
28 118 6
28 119 5
28 120 5
28 121 6
28 122 5
28 123 3
28 124 6
28 125 6
28 126 6
28 127 7
29 30 8
29 31 1
29 32 2
29 33 2
29 34 2
29 35 6
29 36 8
29 37 3
29 38 2
29 39 1
29 40 2
29 41 1
29 42 7
29 43 1
29 44 5
29 45 5
29 46 2
29 47 7
29 48 1
29 49 5
29 50 6
29 51 6
29 52 1
29 53 1
29 54 1
29 55 6
29 56 2
29 57 1
29 58 6
29 59 7
29 60 8
29 61 8
29 62 2
29 63 1
29 64 3
29 65 7
29 66 6
29 67 6
29 68 8
29 69 2
29 70 10
29 71 5
29 72 2
29 73 1
29 74 10
29 75 7
29 76 1
29 77 2
29 78 6
29 79 4
29 80 1
29 81 1
29 82 6
29 83 2
29 84 1
29 85 5
29 86 7
29 87 1
29 88 6
29 89 1
29 90 2
29 91 6
29 92 7
29 93 5
29 94 7
29 95 3
29 96 3
29 97 2
29 98 3
29 99 6
29 100 5
29 101 2
29 102 1
29 103 2
29 104 3
29 105 1
29 106 7
29 107 1
29 108 6
29 109 5
29 110 1
29 111 5
29 112 1
29 113 7
29 114 6
29 115 5
29 116 3
29 117 2
29 118 1
29 119 6
29 120 1
29 121 1
29 122 6
29 123 1
29 124 6
29 125 6
29 126 2
29 127 1
30 31 5
30 32 6
30 33 6
30 34 1
30 35 6
30 36 7
30 37 6
30 38 7
30 39 9
30 40 2
30 41 1
30 42 7
30 43 1
30 44 6
30 45 5
30 46 6
30 47 8
30 48 7
30 49 6
30 50 1
30 51 7
30 52 5
30 53 5
30 54 6
30 55 5
30 56 6
30 57 1
30 58 6
30 59 7
30 60 6
30 61 8
30 62 3
30 63 1
30 64 6
30 65 6
30 66 4
30 67 7
30 68 3
30 69 8
30 70 3
30 71 5
30 72 6
30 73 5
30 74 6
30 75 6
30 76 1
30 77 6
30 78 6
30 79 8
30 80 6
30 81 1
30 82 7
30 83 10
30 84 5
30 85 5
30 86 5
30 87 5
30 88 7
30 89 8
30 90 6
30 91 2
30 92 7
30 93 6
30 94 6
30 95 7
30 96 7
30 97 6
30 98 2
30 99 6
30 100 4
30 101 5
30 102 4
30 103 10
30 104 3
30 105 1
30 106 7
30 107 1
30 108 7
30 109 5
30 110 5
30 111 6
30 112 7
30 113 8
30 114 1
30 115 6
30 116 7
30 117 6
30 118 6
30 119 5
30 120 5
30 121 1
30 122 6
30 123 4
30 124 2
30 125 5
30 126 1
30 127 6
31 32 10
31 33 9
31 34 8
31 35 5
31 36 4
31 37 6
31 38 1
31 39 7
31 40 7
31 41 10
31 42 2
31 43 10
31 44 4
31 45 5
31 46 1
31 47 7
31 48 1
31 49 8
31 50 5
31 51 5
31 52 4
31 53 4
31 54 1
31 55 6
31 56 5
31 57 5
31 58 6
31 59 1
31 60 6
31 61 5
31 62 9
31 63 7
31 64 1
31 65 6
31 66 6
31 67 7
31 68 4
31 69 7
31 70 1
31 71 3
31 72 6
31 73 10
31 74 6
31 75 7
31 76 8
31 77 6
31 78 4
31 79 1
31 80 9
31 81 2
31 82 1
31 83 7
31 84 5
31 85 4
31 86 4
31 87 2
31 88 1
31 89 1
31 90 8
31 91 1
31 92 6
31 93 3
31 94 6
31 95 5
31 96 9
31 97 9
31 98 8
31 99 6
31 100 6
31 101 5
31 102 1
31 103 6
31 104 7
31 105 10
31 106 1
31 107 10
31 108 6
31 109 7
31 110 1
31 111 7
31 112 1
31 113 7
31 114 5
31 115 6
31 116 5
31 117 5
31 118 1
31 119 4
31 120 5
31 121 7
31 122 4
31 123 1
31 124 8
31 125 5
31 126 10
31 127 7
32 33 6
32 34 9
32 35 1
32 36 1
32 37 7
32 38 7
32 39 7
32 40 6
32 41 10
32 42 1
32 43 6
32 44 4
32 45 4
32 46 1
32 47 6
32 48 1
32 49 5
32 50 2
32 51 1
32 52 1
32 53 4
32 54 1
32 55 2
32 56 5
32 57 1
32 58 6
32 59 1
32 60 6
32 61 6
32 62 10
32 63 6
32 64 6
32 65 2
32 66 5
32 67 1
32 68 1
32 69 6
32 70 2
32 71 2
32 72 6
32 73 9
32 74 5
32 75 4
32 76 4
32 77 1
32 78 6
32 79 1
32 80 9
32 81 6
32 82 2
32 83 5
32 84 6
32 85 4
32 86 4
32 87 6
32 88 5
32 89 4
32 90 10
32 91 1
32 92 5
32 93 2
32 94 6
32 95 10
32 96 10
32 97 5
32 98 9
32 99 2
32 100 1
32 101 5
32 102 4
32 103 7
32 104 7
32 105 10
32 106 1
32 107 6
32 108 5
32 109 6
32 110 1
32 111 4
32 112 1
32 113 6
32 114 1
32 115 1
32 116 2
32 117 5
32 118 1
32 119 1
32 120 4
32 121 2
32 122 5
32 123 1
32 124 7
32 125 4
32 126 7
32 127 6
33 34 6
33 35 5
33 36 5
33 37 6
33 38 6
33 39 6
33 40 5
33 41 3
33 42 5
33 43 2
33 44 8
33 45 4
33 46 1
33 47 6
33 48 1
33 49 1
33 50 7
33 51 1
33 52 4
33 53 1
33 54 5
33 55 10
33 56 1
33 57 3
33 58 6
33 59 5
33 60 6
33 61 6
33 62 2
33 63 6
33 64 7
33 65 6
33 66 5
33 67 5
33 68 1
33 69 7
33 70 6
33 71 6
33 72 1
33 73 9
33 74 5
33 75 6
33 76 4
33 77 1
33 78 5
33 79 7
33 80 9
33 81 9
33 82 7
33 83 5
33 84 4
33 85 4
33 86 4
33 87 6
33 88 9
33 89 4
33 90 6
33 91 5
33 92 5
33 93 2
33 94 6
33 95 9
33 96 6
33 97 5
33 98 6
33 99 6
33 100 5
33 101 4
33 102 3
33 103 6
33 104 6
33 105 3
33 106 5
33 107 2
33 108 9
33 109 6
33 110 1
33 111 4
33 112 1
33 113 2
33 114 6
33 115 1
33 116 6
33 117 1
33 118 5
33 119 8
33 120 1
33 121 6
33 122 5
33 123 3
33 124 7
33 125 4
33 126 1
33 127 8
34 35 1
34 36 4
34 37 8
34 38 6
34 39 6
34 40 5
34 41 7
34 42 6
34 43 8
34 44 4
34 45 4
34 46 4
34 47 5
34 48 3
34 49 5
34 50 6
34 51 5
34 52 1
34 53 4
34 54 4
34 55 10
34 56 4
34 57 3
34 58 6
34 59 6
34 60 6
34 61 5
34 62 9
34 63 2
34 64 7
34 65 6
34 66 6
34 67 6
34 68 4
34 69 2
34 70 5
34 71 6
34 72 3
34 73 7
34 74 5
34 75 6
34 76 5
34 77 5
34 78 4
34 79 5
34 80 5
34 81 5
34 82 6
34 83 5
34 84 4
34 85 4
34 86 4
34 87 7
34 88 4
34 89 4
34 90 6
34 91 6
34 92 7
34 93 3
34 94 2
34 95 7
34 96 8
34 97 5
34 98 6
34 99 2
34 100 6
34 101 6
34 102 4
34 103 6
34 104 5
34 105 6
34 106 6
34 107 9
34 108 5
34 109 6
34 110 4
34 111 4
34 112 2
34 113 5
34 114 6
34 115 5
34 116 1
34 117 5
34 118 4
34 119 8
34 120 4
34 121 7
34 122 4
34 123 4
34 124 6
34 125 4
34 126 7
34 127 6
35 36 7
35 37 5
35 38 6
35 39 5
35 40 6
35 41 6
35 42 6
35 43 5
35 44 6
35 45 6
35 46 1
35 47 6
35 48 3
35 49 6
35 50 1
35 51 6
35 52 6
35 53 6
35 54 4
35 55 1
35 56 2
35 57 2
35 58 7
35 59 6
35 60 6
35 61 1
35 62 2
35 63 8
35 64 1
35 65 6
35 66 5
35 67 9
35 68 10
35 69 6
35 70 8
35 71 5
35 72 2
35 73 1
35 74 8
35 75 6
35 76 6
35 77 6
35 78 6
35 79 2
35 80 2
35 81 5
35 82 6
35 83 2
35 84 6
35 85 7
35 86 6
35 87 1
35 88 2
35 89 1
35 90 2
35 91 6
35 92 6
35 93 5
35 94 5
35 95 6
35 96 2
35 97 6
35 98 1
35 99 9
35 100 5
35 101 6
35 102 5
35 103 5
35 104 6
35 105 6
35 106 6
35 107 5
35 108 6
35 109 5
35 110 1
35 111 6
35 112 3
35 113 7
35 114 2
35 115 5
35 116 6
35 117 6
35 118 4
35 119 1
35 120 2
35 121 2
35 122 7
35 123 5
35 124 6
35 125 2
35 126 2
35 127 6
36 37 1
36 38 3
36 39 1
36 40 8
36 41 4
36 42 5
36 43 5
36 44 5
36 45 5
36 46 8
36 47 7
36 48 2
36 49 8
36 50 2
36 51 10
36 52 6
36 53 5
36 54 6
36 55 1
36 56 6
36 57 1
36 58 6
36 59 6
36 60 5
36 61 7
36 62 8
36 63 1
36 64 5
36 65 5
36 66 4
36 67 6
36 68 7
36 69 6
36 70 7
36 71 4
36 72 6
36 73 4
36 74 5
36 75 4
36 76 5
36 77 5
36 78 6
36 79 7
36 80 2
36 81 1
36 82 6
36 83 2
36 84 5
36 85 5
36 86 5
36 87 1
36 88 6
36 89 1
36 90 5
36 91 6
36 92 5
36 93 5
36 94 5
36 95 7
36 96 3
36 97 5
36 98 5
36 99 6
36 100 3
36 101 1
36 102 1
36 103 1
36 104 9
36 105 4
36 106 6
36 107 5
36 108 5
36 109 4
36 110 7
36 111 5
36 112 2
36 113 10
36 114 2
36 115 8
36 116 8
36 117 6
36 118 6
36 119 1
36 120 5
36 121 1
36 122 7
36 123 4
36 124 5
36 125 5
36 126 6
36 127 4
37 38 10
37 39 6
37 40 5
37 41 7
37 42 6
37 43 6
37 44 4
37 45 8
37 46 2
37 47 3
37 48 2
37 49 5
37 50 6
37 51 6
37 52 4
37 53 4
37 54 6
37 55 10
37 56 2
37 57 3
37 58 6
37 59 6
37 60 2
37 61 2
37 62 8
37 63 2
37 64 2
37 65 2
37 66 1
37 67 9
37 68 5
37 69 6
37 70 6
37 71 6
37 72 9
37 73 6
37 74 5
37 75 8
37 76 1
37 77 7
37 78 7
37 79 6
37 80 7
37 81 7
37 82 6
37 83 2
37 84 6
37 85 1
37 86 4
37 87 6
37 88 5
37 89 4
37 90 6
37 91 5
37 92 9
37 93 3
37 94 6
37 95 6
37 96 7
37 97 5
37 98 8
37 99 6
37 100 1
37 101 4
37 102 7
37 103 6
37 104 6
37 105 7
37 106 6
37 107 6
37 108 5
37 109 10
37 110 1
37 111 1
37 112 2
37 113 6
37 114 5
37 115 6
37 116 6
37 117 5
37 118 6
37 119 8
37 120 1
37 121 6
37 122 5
37 123 4
37 124 3
37 125 4
37 126 5
37 127 2
38 39 6
38 40 6
38 41 1
38 42 6
38 43 6
38 44 5
38 45 5
38 46 2
38 47 7
38 48 7
38 49 5
38 50 4
38 51 6
38 52 2
38 53 1
38 54 5
38 55 6
38 56 6
38 57 4
38 58 6
38 59 7
38 60 9
38 61 3
38 62 3
38 63 1
38 64 2
38 65 2
38 66 4
38 67 6
38 68 3
38 69 6
38 70 3
38 71 5
38 72 6
38 73 1
38 74 7
38 75 5
38 76 6
38 77 2
38 78 7
38 79 3
38 80 6
38 81 6
38 82 7
38 83 6
38 84 5
38 85 5
38 86 5
38 87 6
38 88 6
38 89 1
38 90 6
38 91 6
38 92 7
38 93 1
38 94 6
38 95 3
38 96 8
38 97 6
38 98 7
38 99 6
38 100 1
38 101 9
38 102 4
38 103 7
38 104 7
38 105 1
38 106 6
38 107 6
38 108 6
38 109 5
38 110 1
38 111 5
38 112 7
38 113 7
38 114 4
38 115 5
38 116 4
38 117 2
38 118 5
38 119 6
38 120 5
38 121 5
38 122 6
38 123 5
38 124 7
38 125 5
38 126 3
38 127 5
39 40 1
39 41 6
39 42 7
39 43 7
39 44 4
39 45 5
39 46 1
39 47 6
39 48 6
39 49 7
39 50 5
39 51 5
39 52 1
39 53 4
39 54 6
39 55 6
39 56 4
39 57 5
39 58 6
39 59 8
39 60 6
39 61 5
39 62 5
39 63 7
39 64 6
39 65 2
39 66 6
39 67 6
39 68 4
39 69 8
39 70 1
39 71 7
39 72 5
39 73 2
39 74 6
39 75 7
39 76 4
39 77 6
39 78 4
39 79 5
39 80 5
39 81 6
39 82 1
39 83 1
39 84 4
39 85 1
39 86 5
39 87 6
39 88 4
39 89 8
39 90 6
39 91 5
39 92 2
39 93 3
39 94 10
39 95 5
39 96 6
39 97 6
39 98 6
39 99 6
39 100 2
39 101 5
39 102 5
39 103 6
39 104 1
39 105 7
39 106 6
39 107 6
39 108 6
39 109 7
39 110 1
39 111 6
39 112 5
39 113 6
39 114 5
39 115 6
39 116 1
39 117 5
39 118 6
39 119 4
39 120 4
39 121 7
39 122 4
39 123 1
39 124 6
39 125 5
39 126 6
39 127 7
40 41 9
40 42 6
40 43 5
40 44 2
40 45 2
40 46 2
40 47 6
40 48 7
40 49 9
40 50 5
40 51 6
40 52 6
40 53 6
40 54 6
40 55 5
40 56 7
40 57 1
40 58 6
40 59 6
40 60 5
40 61 10
40 62 2
40 63 1
40 64 6
40 65 1
40 66 4
40 67 8
40 68 6
40 69 5
40 70 6
40 71 5
40 72 6
40 73 8
40 74 6
40 75 6
40 76 6
40 77 6
40 78 6
40 79 6
40 80 6
40 81 5
40 82 5
40 83 2
40 84 6
40 85 6
40 86 6
40 87 6
40 88 6
40 89 1
40 90 7
40 91 7
40 92 6
40 93 1
40 94 1
40 95 8
40 96 7
40 97 6
40 98 5
40 99 5
40 100 6
40 101 6
40 102 5
40 103 1
40 104 6
40 105 9
40 106 6
40 107 5
40 108 2
40 109 1
40 110 2
40 111 6
40 112 7
40 113 10
40 114 6
40 115 5
40 116 6
40 117 6
40 118 6
40 119 6
40 120 7
40 121 1
40 122 6
40 123 5
40 124 7
40 125 8
40 126 2
40 127 1
41 42 5
41 43 6
41 44 6
41 45 1
41 46 1
41 47 9
41 48 1
41 49 6
41 50 6
41 51 5
41 52 4
41 53 1
41 54 5
41 55 8
41 56 1
41 57 5
41 58 6
41 59 1
41 60 6
41 61 1
41 62 9
41 63 6
41 64 2
41 65 6
41 66 6
41 67 6
41 68 4
41 69 6
41 70 5
41 71 6
41 72 7
41 73 10
41 74 5
41 75 6
41 76 8
41 77 5
41 78 4
41 79 5
41 80 9
41 81 1
41 82 5
41 83 5
41 84 5
41 85 6
41 86 4
41 87 8
41 88 5
41 89 1
41 90 10
41 91 1
41 92 1
41 93 2
41 94 1
41 95 9
41 96 9
41 97 2
41 98 6
41 99 7
41 100 6
41 101 5
41 102 1
41 103 6
41 104 9
41 105 6
41 106 5
41 107 7
41 108 7
41 109 2
41 110 1
41 111 8
41 112 1
41 113 6
41 114 6
41 115 5
41 116 5
41 117 1
41 118 5
41 119 5
41 120 1
41 121 9
41 122 4
41 123 5
41 124 6
41 125 4
41 126 7
41 127 6
42 43 7
42 44 6
42 45 6
42 46 1
42 47 6
42 48 7
42 49 6
42 50 5
42 51 6
42 52 1
42 53 1
42 54 6
42 55 6
42 56 1
42 57 1
42 58 6
42 59 6
42 60 5
42 61 6
42 62 7
42 63 2
42 64 1
42 65 6
42 66 1
42 67 6
42 68 6
42 69 5
42 70 6
42 71 6
42 72 3
42 73 1
42 74 6
42 75 7
42 76 1
42 77 7
42 78 5
42 79 7
42 80 2
42 81 2
42 82 1
42 83 2
42 84 5
42 85 5
42 86 5
42 87 1
42 88 6
42 89 1
42 90 6
42 91 2
42 92 8
42 93 7
42 94 6
42 95 2
42 96 2
42 97 6
42 98 6
42 99 5
42 100 5
42 101 7
42 102 5
42 103 6
42 104 6
42 105 6
42 106 6
42 107 6
42 108 7
42 109 6
42 110 1
42 111 6
42 112 6
42 113 6
42 114 6
42 115 6
42 116 2
42 117 2
42 118 6
42 119 6
42 120 1
42 121 1
42 122 5
42 123 5
42 124 6
42 125 6
42 126 9
42 127 7
43 44 5
43 45 6
43 46 5
43 47 6
43 48 1
43 49 7
43 50 5
43 51 1
43 52 4
43 53 4
43 54 6
43 55 7
43 56 1
43 57 1
43 58 2
43 59 1
43 60 6
43 61 5
43 62 1
43 63 3
43 64 2
43 65 2
43 66 6
43 67 9
43 68 1
43 69 6
43 70 1
43 71 7
43 72 2
43 73 2
43 74 6
43 75 3
43 76 2
43 77 6
43 78 4
43 79 5
43 80 1
43 81 7
43 82 1
43 83 2
43 84 8
43 85 4
43 86 4
43 87 1
43 88 1
43 89 1
43 90 6
43 91 7
43 92 7
43 93 3
43 94 2
43 95 9
43 96 5
43 97 2
43 98 8
43 99 6
43 100 7
43 101 5
43 102 5
43 103 6
43 104 5
43 105 7
43 106 6
43 107 6
43 108 7
43 109 8
43 110 5
43 111 6
43 112 1
43 113 6
43 114 5
43 115 2
43 116 5
43 117 5
43 118 6
43 119 5
43 120 1
43 121 2
43 122 1
43 123 4
43 124 6
43 125 5
43 126 2
43 127 3
44 45 1
44 46 2
44 47 5
44 48 7
44 49 4
44 50 4
44 51 2
44 52 7
44 53 3
44 54 7
44 55 8
44 56 3
44 57 9
44 58 1
44 59 7
44 60 4
44 61 9
44 62 7
44 63 4
44 64 5
44 65 4
44 66 1
44 67 10
44 68 6
44 69 4
44 70 5
44 71 4
44 72 7
44 73 5
44 74 1
44 75 5
44 76 3
44 77 5
44 78 2
44 79 6
44 80 10
44 81 8
44 82 4
44 83 6
44 84 7
44 85 10
44 86 8
44 87 1
44 88 9
44 89 4
44 90 5
44 91 6
44 92 6
44 93 4
44 94 5
44 95 5
44 96 5
44 97 9
44 98 4
44 99 4
44 100 3
44 101 7
44 102 8
44 103 4
44 104 1
44 105 6
44 106 7
44 107 5
44 108 5
44 109 1
44 110 3
44 111 5
44 112 7
44 113 5
44 114 6
44 115 1
44 116 5
44 117 2
44 118 7
44 119 10
44 120 4
44 121 5
44 122 2
44 123 8
44 124 7
44 125 9
44 126 7
44 127 4
45 46 6
45 47 8
45 48 2
45 49 6
45 50 8
45 51 6
45 52 5
45 53 6
45 54 7
45 55 6
45 56 1
45 57 6
45 58 5
45 59 8
45 60 1
45 61 5
45 62 1
45 63 1
45 64 6
45 65 4
45 66 4
45 67 9
45 68 5
45 69 5
45 70 5
45 71 5
45 72 7
45 73 5
45 74 6
45 75 5
45 76 5
45 77 6
45 78 5
45 79 5
45 80 7
45 81 6
45 82 1
45 83 1
45 84 6
45 85 5
45 86 5
45 87 1
45 88 5
45 89 9
45 90 5
45 91 6
45 92 10
45 93 5
45 94 4
45 95 5
45 96 5
45 97 6
45 98 4
45 99 4
45 100 4
45 101 10
45 102 5
45 103 4
45 104 1
45 105 1
45 106 6
45 107 5
45 108 2
45 109 5
45 110 6
45 111 9
45 112 1
45 113 5
45 114 10
45 115 6
45 116 5
45 117 7
45 118 7
45 119 7
45 120 1
45 121 4
45 122 5
45 123 8
45 124 1
45 125 6
45 126 2
45 127 1
46 47 7
46 48 1
46 49 1
46 50 6
46 51 9
46 52 2
46 53 2
46 54 9
46 55 1
46 56 7
46 57 6
46 58 8
46 59 1
46 60 9
46 61 1
46 62 7
46 63 1
46 64 1
46 65 6
46 66 3
46 67 7
46 68 6
46 69 6
46 70 3
46 71 5
46 72 6
46 73 1
46 74 6
46 75 1
46 76 7
46 77 6
46 78 2
46 79 4
46 80 1
46 81 1
46 82 1
46 83 1
46 84 7
46 85 7
46 86 9
46 87 1
46 88 6
46 89 1
46 90 5
46 91 8
46 92 1
46 93 1
46 94 5
46 95 1
46 96 2
46 97 1
46 98 5
46 99 1
46 100 5
46 101 3
46 102 1
46 103 1
46 104 2
46 105 1
46 106 2
46 107 5
46 108 1
46 109 5
46 110 10
46 111 6
46 112 1
46 113 3
46 114 7
46 115 7
46 116 2
46 117 2
46 118 9
46 119 1
46 120 7
46 121 5
46 122 9
46 123 1
46 124 2
46 125 1
46 126 8
46 127 1
47 48 2
47 49 5
47 50 8
47 51 6
47 52 5
47 53 2
47 54 9
47 55 8
47 56 7
47 57 4
47 58 6
47 59 7
47 60 6
47 61 9
47 62 3
47 63 5
47 64 4
47 65 2
47 66 4
47 67 10
47 68 7
47 69 8
47 70 7
47 71 5
47 72 7
47 73 5
47 74 6
47 75 7
47 76 6
47 77 6
47 78 6
47 79 8
47 80 6
47 81 5
47 82 6
47 83 2
47 84 6
47 85 5
47 86 1
47 87 7
47 88 6
47 89 6
47 90 6
47 91 6
47 92 6
47 93 5
47 94 7
47 95 9
47 96 7
47 97 6
47 98 6
47 99 6
47 100 4
47 101 2
47 102 4
47 103 7
47 104 7
47 105 9
47 106 6
47 107 6
47 108 6
47 109 8
47 110 6
47 111 5
47 112 2
47 113 7
47 114 8
47 115 5
47 116 7
47 117 3
47 118 9
47 119 8
47 120 6
47 121 5
47 122 6
47 123 4
47 124 7
47 125 5
47 126 2
47 127 5
48 49 6
48 50 1
48 51 6
48 52 7
48 53 2
48 54 2
48 55 1
48 56 8
48 57 1
48 58 7
48 59 1
48 60 2
48 61 2
48 62 7
48 63 1
48 64 1
48 65 1
48 66 4
48 67 2
48 68 1
48 69 5
48 70 2
48 71 6
48 72 3
48 73 1
48 74 6
48 75 2
48 76 3
48 77 6
48 78 6
48 79 3
48 80 1
48 81 1
48 82 1
48 83 1
48 84 3
48 85 7
48 86 9
48 87 1
48 88 6
48 89 1
48 90 10
48 91 1
48 92 4
48 93 1
48 94 6
48 95 2
48 96 2
48 97 2
48 98 3
48 99 2
48 100 1
48 101 3
48 102 6
48 103 6
48 104 7
48 105 1
48 106 7
48 107 1
48 108 7
48 109 1
48 110 1
48 111 2
48 112 6
48 113 7
48 114 2
48 115 5
48 116 7
48 117 2
48 118 2
48 119 2
48 120 8
48 121 1
48 122 7
48 123 1
48 124 2
48 125 2
48 126 6
48 127 6
49 50 5
49 51 8
49 52 6
49 53 4
49 54 1
49 55 6
49 56 5
49 57 5
49 58 2
49 59 5
49 60 6
49 61 9
49 62 5
49 63 2
49 64 5
49 65 5
49 66 1
49 67 9
49 68 6
49 69 5
49 70 1
49 71 6
49 72 7
49 73 9
49 74 6
49 75 7
49 76 4
49 77 6
49 78 4
49 79 3
49 80 5
49 81 6
49 82 6
49 83 2
49 84 4
49 85 4
49 86 4
49 87 2
49 88 4
49 89 1
49 90 9
49 91 6
49 92 6
49 93 6
49 94 6
49 95 7
49 96 5
49 97 2
49 98 5
49 99 6
49 100 9
49 101 5
49 102 4
49 103 6
49 104 9
49 105 7
49 106 5
49 107 6
49 108 6
49 109 6
49 110 1
49 111 6
49 112 5
49 113 5
49 114 5
49 115 9
49 116 7
49 117 5
49 118 1
49 119 5
49 120 5
49 121 5
49 122 1
49 123 7
49 124 7
49 125 7
49 126 6
49 127 6
50 51 1
50 52 8
50 53 4
50 54 8
50 55 5
50 56 5
50 57 4
50 58 7
50 59 5
50 60 10
50 61 2
50 62 1
50 63 5
50 64 7
50 65 6
50 66 1
50 67 6
50 68 6
50 69 6
50 70 2
50 71 5
50 72 7
50 73 1
50 74 5
50 75 2
50 76 4
50 77 6
50 78 5
50 79 2
50 80 5
50 81 5
50 82 10
50 83 1
50 84 6
50 85 4
50 86 4
50 87 6
50 88 1
50 89 1
50 90 6
50 91 9
50 92 9
50 93 5
50 94 1
50 95 6
50 96 2
50 97 6
50 98 7
50 99 2
50 100 1
50 101 4
50 102 1
50 103 6
50 104 6
50 105 6
50 106 5
50 107 5
50 108 5
50 109 9
50 110 5
50 111 6
50 112 1
50 113 6
50 114 5
50 115 1
50 116 10
50 117 5
50 118 8
50 119 4
50 120 4
50 121 6
50 122 6
50 123 3
50 124 9
50 125 1
50 126 1
50 127 5
51 52 7
51 53 6
51 54 8
51 55 5
51 56 7
51 57 1
51 58 10
51 59 7
51 60 9
51 61 7
51 62 10
51 63 1
51 64 2
51 65 5
51 66 4
51 67 6
51 68 6
51 69 1
51 70 7
51 71 6
51 72 8
51 73 6
51 74 6
51 75 5
51 76 6
51 77 6
51 78 6
51 79 2
51 80 6
51 81 5
51 82 1
51 83 2
51 84 6
51 85 6
51 86 7
51 87 1
51 88 6
51 89 5
51 90 7
51 91 7
51 92 6
51 93 5
51 94 6
51 95 6
51 96 2
51 97 2
51 98 5
51 99 5
51 100 8
51 101 7
51 102 5
51 103 5
51 104 6
51 105 5
51 106 6
51 107 1
51 108 2
51 109 5
51 110 9
51 111 6
51 112 6
51 113 9
51 114 2
51 115 1
51 116 7
51 117 6
51 118 8
51 119 6
51 120 7
51 121 1
51 122 10
51 123 5
51 124 7
51 125 6
51 126 4
51 127 1
52 53 4
52 54 8
52 55 1
52 56 6
52 57 3
52 58 6
52 59 2
52 60 6
52 61 1
52 62 1
52 63 1
52 64 1
52 65 4
52 66 4
52 67 7
52 68 6
52 69 4
52 70 5
52 71 5
52 72 7
52 73 1
52 74 6
52 75 5
52 76 7
52 77 5
52 78 6
52 79 2
52 80 2
52 81 4
52 82 5
52 83 2
52 84 8
52 85 7
52 86 8
52 87 1
52 88 8
52 89 3
52 90 1
52 91 1
52 92 1
52 93 1
52 94 4
52 95 5
52 96 1
52 97 5
52 98 1
52 99 4
52 100 4
52 101 7
52 102 5
52 103 1
52 104 5
52 105 4
52 106 2
52 107 4
52 108 5
52 109 4
52 110 3
52 111 5
52 112 7
52 113 7
52 114 10
52 115 5
52 116 5
52 117 3
52 118 8
52 119 3
52 120 7
52 121 1
52 122 7
52 123 8
52 124 5
52 125 3
52 126 1
52 127 4
53 54 7
53 55 5
53 56 10
53 57 4
53 58 6
53 59 6
53 60 4
53 61 5
53 62 6
53 63 1
53 64 4
53 65 4
53 66 3
53 67 7
53 68 6
53 69 4
53 70 1
53 71 5
53 72 7
53 73 4
53 74 9
53 75 5
53 76 7
53 77 5
53 78 2
53 79 1
53 80 6
53 81 1
53 82 4
53 83 2
53 84 9
53 85 7
53 86 7
53 87 1
53 88 6
53 89 4
53 90 6
53 91 6
53 92 6
53 93 1
53 94 4
53 95 5
53 96 5
53 97 1
53 98 4
53 99 4
53 100 3
53 101 7
53 102 4
53 103 4
53 104 5
53 105 1
53 106 2
53 107 4
53 108 1
53 109 5
53 110 3
53 111 2
53 112 2
53 113 5
53 114 6
53 115 4
53 116 2
53 117 6
53 118 7
53 119 8
53 120 10
53 121 1
53 122 7
53 123 8
53 124 1
53 125 3
53 126 5
53 127 1
54 55 1
54 56 6
54 57 8
54 58 8
54 59 6
54 60 7
54 61 1
54 62 1
54 63 1
54 64 5
54 65 8
54 66 3
54 67 10
54 68 7
54 69 1
54 70 7
54 71 4
54 72 10
54 73 1
54 74 3
54 75 6
54 76 7
54 77 7
54 78 7
54 79 7
54 80 2
54 81 4
54 82 8
54 83 6
54 84 9
54 85 7
54 86 8
54 87 1
54 88 7
54 89 10
54 90 1
54 91 6
54 92 7
54 93 1
54 94 5
54 95 1
54 96 1
54 97 6
54 98 4
54 99 2
54 100 4
54 101 9
54 102 8
54 103 6
54 104 5
54 105 5
54 106 7
54 107 6
54 108 5
54 109 6
54 110 10
54 111 9
54 112 2
54 113 1
54 114 10
54 115 6
54 116 6
54 117 6
54 118 7
54 119 3
54 120 7
54 121 4
54 122 9
54 123 8
54 124 8
54 125 3
54 126 1
54 127 6
55 56 4
55 57 3
55 58 6
55 59 7
55 60 6
55 61 5
55 62 1
55 63 6
55 64 9
55 65 2
55 66 6
55 67 7
55 68 5
55 69 6
55 70 5
55 71 6
55 72 5
55 73 10
55 74 6
55 75 6
55 76 6
55 77 5
55 78 4
55 79 6
55 80 9
55 81 9
55 82 1
55 83 5
55 84 1
55 85 4
55 86 5
55 87 7
55 88 8
55 89 6
55 90 8
55 91 5
55 92 6
55 93 7
55 94 6
55 95 5
55 96 1
55 97 9
55 98 10
55 99 1
55 100 2
55 101 8
55 102 4
55 103 6
55 104 5
55 105 7
55 106 6
55 107 8
55 108 9
55 109 8
55 110 1
55 111 7
55 112 1
55 113 6
55 114 5
55 115 5
55 116 1
55 117 6
55 118 1
55 119 4
55 120 4
55 121 7
55 122 4
55 123 3
55 124 7
55 125 4
55 126 1
55 127 8
56 57 6
56 58 6
56 59 2
56 60 5
56 61 6
56 62 2
56 63 1
56 64 1
56 65 1
56 66 3
56 67 6
56 68 6
56 69 5
56 70 7
56 71 4
56 72 4
56 73 4
56 74 9
56 75 6
56 76 6
56 77 7
56 78 6
56 79 10
56 80 2
56 81 5
56 82 5
56 83 2
56 84 8
56 85 6
56 86 6
56 87 1
56 88 6
56 89 1
56 90 1
56 91 6
56 92 6
56 93 1
56 94 5
56 95 7
56 96 6
56 97 1
56 98 5
56 99 1
56 100 3
56 101 3
56 102 5
56 103 5
56 104 7
56 105 1
56 106 2
56 107 1
56 108 2
56 109 1
56 110 7
56 111 6
56 112 8
56 113 7
56 114 6
56 115 5
56 116 6
56 117 10
56 118 6
56 119 6
56 120 2
56 121 5
56 122 7
56 123 5
56 124 1
56 125 6
56 126 1
56 127 5
57 58 5
57 59 1
57 60 6
57 61 1
57 62 6
57 63 4
57 64 1
57 65 4
57 66 4
57 67 1
57 68 5
57 69 1
57 70 4
57 71 4
57 72 1
57 73 3
57 74 1
57 75 1
57 76 4
57 77 5
57 78 1
57 79 1
57 80 5
57 81 5
57 82 3
57 83 6
57 84 8
57 85 10
57 86 4
57 87 1
57 88 7
57 89 3
57 90 5
57 91 5
57 92 5
57 93 1
57 94 1
57 95 5
57 96 1
57 97 5
57 98 3
57 99 1
57 100 1
57 101 7
57 102 8
57 103 4
57 104 1
57 105 6
57 106 1
57 107 1
57 108 6
57 109 4
57 110 9
57 111 6
57 112 1
57 113 4
57 114 6
57 115 1
57 116 1
57 117 1
57 118 8
57 119 8
57 120 9
57 121 3
57 122 6
57 123 3
57 124 8
57 125 7
57 126 7
57 127 4
58 59 2
58 60 10
58 61 6
58 62 2
58 63 6
58 64 6
58 65 6
58 66 5
58 67 7
58 68 5
58 69 6
58 70 6
58 71 6
58 72 6
58 73 6
58 74 6
58 75 6
58 76 5
58 77 6
58 78 5
58 79 6
58 80 6
58 81 2
58 82 6
58 83 6
58 84 5
58 85 6
58 86 9
58 87 6
58 88 6
58 89 4
58 90 6
58 91 6
58 92 6
58 93 6
58 94 6
58 95 6
58 96 6
58 97 6
58 98 6
58 99 7
58 100 6
58 101 5
58 102 4
58 103 6
58 104 6
58 105 6
58 106 6
58 107 2
58 108 2
58 109 6
58 110 8
58 111 5
58 112 6
58 113 2
58 114 7
58 115 10
58 116 7
58 117 7
58 118 8
58 119 5
58 120 6
58 121 7
58 122 5
58 123 1
58 124 8
58 125 5
58 126 2
58 127 6
59 60 1
59 61 7
59 62 2
59 63 1
59 64 9
59 65 5
59 66 1
59 67 9
59 68 2
59 69 9
59 70 6
59 71 5
59 72 2
59 73 5
59 74 6
59 75 5
59 76 6
59 77 6
59 78 6
59 79 6
59 80 7
59 81 5
59 82 1
59 83 2
59 84 6
59 85 2
59 86 7
59 87 5
59 88 7
59 89 2
59 90 6
59 91 6
59 92 6
59 93 6
59 94 6
59 95 1
59 96 2
59 97 6
59 98 6
59 99 5
59 100 4
59 101 7
59 102 6
59 103 8
59 104 6
59 105 1
59 106 6
59 107 1
59 108 7
59 109 7
59 110 1
59 111 7
59 112 1
59 113 6
59 114 6
59 115 6
59 116 2
59 117 6
59 118 6
59 119 8
59 120 2
59 121 1
59 122 2
59 123 5
59 124 2
59 125 6
59 126 2
59 127 5
60 61 6
60 62 7
60 63 6
60 64 2
60 65 6
60 66 5
60 67 6
60 68 7
60 69 6
60 70 6
60 71 7
60 72 6
60 73 6
60 74 5
60 75 6
60 76 4
60 77 5
60 78 5
60 79 4
60 80 5
60 81 5
60 82 6
60 83 6
60 84 4
60 85 5
60 86 8
60 87 6
60 88 5
60 89 3
60 90 7
60 91 6
60 92 5
60 93 8
60 94 6
60 95 6
60 96 6
60 97 5
60 98 6
60 99 7
60 100 5
60 101 1
60 102 6
60 103 6
60 104 6
60 105 6
60 106 5
60 107 6
60 108 5
60 109 2
60 110 8
60 111 4
60 112 2
60 113 7
60 114 9
60 115 9
60 116 8
60 117 5
60 118 7
60 119 4
60 120 4
60 121 9
60 122 9
60 123 3
60 124 2
60 125 4
60 126 5
60 127 6
61 62 7
61 63 1
61 64 6
61 65 6
61 66 4
61 67 2
61 68 8
61 69 6
61 70 3
61 71 5
61 72 6
61 73 6
61 74 6
61 75 5
61 76 5
61 77 6
61 78 6
61 79 7
61 80 7
61 81 6
61 82 6
61 83 2
61 84 5
61 85 1
61 86 5
61 87 5
61 88 9
61 89 1
61 90 6
61 91 6
61 92 2
61 93 6
61 94 7
61 95 7
61 96 7
61 97 6
61 98 6
61 99 1
61 100 4
61 101 1
61 102 1
61 103 6
61 104 10
61 105 1
61 106 6
61 107 5
61 108 10
61 109 5
61 110 1
61 111 7
61 112 2
61 113 10
61 114 2
61 115 6
61 116 2
61 117 6
61 118 1
61 119 5
61 120 5
61 121 1
61 122 6
61 123 8
61 124 6
61 125 5
61 126 6
61 127 7
62 63 1
62 64 2
62 65 2
62 66 1
62 67 7
62 68 3
62 69 2
62 70 3
62 71 5
62 72 2
62 73 9
62 74 2
62 75 7
62 76 1
62 77 6
62 78 2
62 79 3
62 80 2
62 81 1
62 82 2
62 83 2
62 84 7
62 85 1
62 86 1
62 87 1
62 88 2
62 89 1
62 90 10
62 91 2
62 92 7
62 93 1
62 94 2
62 95 10
62 96 10
62 97 2
62 98 10
62 99 2
62 100 5
62 101 7
62 102 1
62 103 6
62 104 3
62 105 9
62 106 7
62 107 1
62 108 8
62 109 1
62 110 6
62 111 1
62 112 7
62 113 7
62 114 1
62 115 9
62 116 3
62 117 7
62 118 1
62 119 1
62 120 1
62 121 7
62 122 2
62 123 1
62 124 10
62 125 6
62 126 2
62 127 7
63 64 3
63 65 6
63 66 2
63 67 5
63 68 6
63 69 10
63 70 5
63 71 7
63 72 1
63 73 6
63 74 6
63 75 7
63 76 4
63 77 7
63 78 8
63 79 5
63 80 5
63 81 6
63 82 5
63 83 5
63 84 4
63 85 8
63 86 7
63 87 6
63 88 5
63 89 1
63 90 7
63 91 1
63 92 8
63 93 3
63 94 7
63 95 5
63 96 5
63 97 7
63 98 6
63 99 10
63 100 2
63 101 5
63 102 4
63 103 6
63 104 7
63 105 7
63 106 5
63 107 6
63 108 6
63 109 3
63 110 8
63 111 5
63 112 1
63 113 5
63 114 5
63 115 6
63 116 5
63 117 8
63 118 1
63 119 4
63 120 4
63 121 6
63 122 4
63 123 1
63 124 6
63 125 1
63 126 2
63 127 7
64 65 6
64 66 5
64 67 1
64 68 1
64 69 1
64 70 6
64 71 7
64 72 5
64 73 6
64 74 5
64 75 6
64 76 4
64 77 6
64 78 1
64 79 2
64 80 7
64 81 5
64 82 6
64 83 7
64 84 4
64 85 1
64 86 5
64 87 10
64 88 6
64 89 1
64 90 6
64 91 5
64 92 5
64 93 6
64 94 6
64 95 6
64 96 6
64 97 6
64 98 6
64 99 2
64 100 1
64 101 4
64 102 1
64 103 2
64 104 6
64 105 6
64 106 9
64 107 6
64 108 5
64 109 7
64 110 4
64 111 4
64 112 5
64 113 2
64 114 5
64 115 1
64 116 6
64 117 1
64 118 1
64 119 5
64 120 1
64 121 1
64 122 5
64 123 5
64 124 2
64 125 5
64 126 1
64 127 6
65 66 6
65 67 6
65 68 5
65 69 6
65 70 6
65 71 8
65 72 5
65 73 6
65 74 9
65 75 7
65 76 1
65 77 5
65 78 1
65 79 8
65 80 6
65 81 6
65 82 10
65 83 1
65 84 4
65 85 2
65 86 4
65 87 10
65 88 5
65 89 1
65 90 7
65 91 7
65 92 6
65 93 7
65 94 6
65 95 6
65 96 6
65 97 5
65 98 2
65 99 7
65 100 1
65 101 4
65 102 5
65 103 2
65 104 7
65 105 10
65 106 5
65 107 10
65 108 5
65 109 10
65 110 4
65 111 4
65 112 9
65 113 8
65 114 9
65 115 5
65 116 7
65 117 5
65 118 4
65 119 1
65 120 1
65 121 7
65 122 5
65 123 4
65 124 8
65 125 4
65 126 2
65 127 8
66 67 5
66 68 1
66 69 1
66 70 1
66 71 3
66 72 4
66 73 7
66 74 2
66 75 1
66 76 1
66 77 1
66 78 1
66 79 5
66 80 1
66 81 5
66 82 4
66 83 1
66 84 3
66 85 1
66 86 3
66 87 6
66 88 3
66 89 1
66 90 1
66 91 1
66 92 6
66 93 2
66 94 1
66 95 4
66 96 5
66 97 7
66 98 6
66 99 1
66 100 2
66 101 1
66 102 4
66 103 7
66 104 4
66 105 7
66 106 1
66 107 10
66 108 5
66 109 2
66 110 1
66 111 8
66 112 5
66 113 1
66 114 1
66 115 5
66 116 1
66 117 1
66 118 1
66 119 3
66 120 1
66 121 7
66 122 3
66 123 3
66 124 6
66 125 4
66 126 2
66 127 6
67 68 6
67 69 5
67 70 6
67 71 1
67 72 6
67 73 5
67 74 6
67 75 5
67 76 10
67 77 6
67 78 1
67 79 7
67 80 2
67 81 6
67 82 5
67 83 6
67 84 7
67 85 7
67 86 7
67 87 1
67 88 7
67 89 5
67 90 6
67 91 7
67 92 6
67 93 5
67 94 1
67 95 6
67 96 7
67 97 6
67 98 6
67 99 1
67 100 1
67 101 6
67 102 5
67 103 5
67 104 7
67 105 1
67 106 8
67 107 1
67 108 6
67 109 5
67 110 6
67 111 6
67 112 7
67 113 2
67 114 6
67 115 5
67 116 7
67 117 6
67 118 2
67 119 7
67 120 10
67 121 1
67 122 7
67 123 8
67 124 2
67 125 8
67 126 3
67 127 7
68 69 9
68 70 10
68 71 6
68 72 6
68 73 4
68 74 5
68 75 1
68 76 5
68 77 7
68 78 10
68 79 3
68 80 10
68 81 4
68 82 6
68 83 1
68 84 7
68 85 1
68 86 7
68 87 4
68 88 6
68 89 4
68 90 5
68 91 2
68 92 5
68 93 5
68 94 6
68 95 7
68 96 2
68 97 5
68 98 5
68 99 9
68 100 3
68 101 1
68 102 4
68 103 5
68 104 9
68 105 4
68 106 7
68 107 1
68 108 1
68 109 5
68 110 9
68 111 5
68 112 6
68 113 10
68 114 2
68 115 4
68 116 3
68 117 10
68 118 1
68 119 1
68 120 7
68 121 5
68 122 6
68 123 2
68 124 5
68 125 6
68 126 1
68 127 4
69 70 6
69 71 9
69 72 1
69 73 2
69 74 6
69 75 7
69 76 5
69 77 6
69 78 9
69 79 2
69 80 5
69 81 5
69 82 6
69 83 1
69 84 4
69 85 1
69 86 4
69 87 2
69 88 1
69 89 1
69 90 6
69 91 1
69 92 1
69 93 6
69 94 2
69 95 6
69 96 2
69 97 5
69 98 6
69 99 10
69 100 5
69 101 4
69 102 1
69 103 6
69 104 2
69 105 1
69 106 5
69 107 2
69 108 1
69 109 7
69 110 7
69 111 4
69 112 3
69 113 6
69 114 1
69 115 6
69 116 1
69 117 9
69 118 5
69 119 1
69 120 4
69 121 2
69 122 5
69 123 5
69 124 2
69 125 4
69 126 1
69 127 6
70 71 5
70 72 6
70 73 5
70 74 6
70 75 5
70 76 5
70 77 6
70 78 3
70 79 7
70 80 2
70 81 9
70 82 6
70 83 2
70 84 5
70 85 1
70 86 1
70 87 6
70 88 2
70 89 4
70 90 2
70 91 7
70 92 10
70 93 1
70 94 6
70 95 7
70 96 7
70 97 6
70 98 6
70 99 2
70 100 4
70 101 6
70 102 4
70 103 6
70 104 7
70 105 1
70 106 7
70 107 5
70 108 6
70 109 1
70 110 8
70 111 5
70 112 6
70 113 7
70 114 2
70 115 5
70 116 8
70 117 10
70 118 9
70 119 6
70 120 5
70 121 5
70 122 6
70 123 4
70 124 2
70 125 1
70 126 2
70 127 6
71 72 1
71 73 6
71 74 8
71 75 8
71 76 4
71 77 6
71 78 4
71 79 6
71 80 7
71 81 6
71 82 5
71 83 5
71 84 4
71 85 2
71 86 4
71 87 7
71 88 4
71 89 1
71 90 6
71 91 5
71 92 10
71 93 7
71 94 6
71 95 5
71 96 6
71 97 6
71 98 6
71 99 10
71 100 2
71 101 6
71 102 4
71 103 6
71 104 6
71 105 7
71 106 1
71 107 6
71 108 6
71 109 5
71 110 4
71 111 5
71 112 4
71 113 6
71 114 7
71 115 6
71 116 5
71 117 5
71 118 4
71 119 5
71 120 4
71 121 6
71 122 4
71 123 4
71 124 6
71 125 5
71 126 6
71 127 7
72 73 6
72 74 6
72 75 5
72 76 6
72 77 6
72 78 7
72 79 6
72 80 6
72 81 5
72 82 5
72 83 1
72 84 6
72 85 3
72 86 7
72 87 1
72 88 6
72 89 5
72 90 6
72 91 4
72 92 1
72 93 1
72 94 2
72 95 7
72 96 6
72 97 7
72 98 1
72 99 1
72 100 7
72 101 2
72 102 6
72 103 6
72 104 9
72 105 9
72 106 7
72 107 7
72 108 6
72 109 1
72 110 2
72 111 8
72 112 7
72 113 6
72 114 2
72 115 5
72 116 2
72 117 2
72 118 6
72 119 7
72 120 2
72 121 1
72 122 6
72 123 1
72 124 8
72 125 7
72 126 2
72 127 1
73 74 1
73 75 2
73 76 1
73 77 5
73 78 4
73 79 5
73 80 6
73 81 5
73 82 5
73 83 7
73 84 4
73 85 1
73 86 8
73 87 3
73 88 8
73 89 4
73 90 6
73 91 6
73 92 1
73 93 6
73 94 1
73 95 6
73 96 5
73 97 5
73 98 6
73 99 7
73 100 2
73 101 4
73 102 3
73 103 7
73 104 5
73 105 6
73 106 6
73 107 7
73 108 5
73 109 6
73 110 4
73 111 4
73 112 4
73 113 5
73 114 5
73 115 5
73 116 5
73 117 1
73 118 1
73 119 4
73 120 1
73 121 7
73 122 4
73 123 3
73 124 6
73 125 5
73 126 7
73 127 6
74 75 10
74 76 5
74 77 6
74 78 6
74 79 7
74 80 6
74 81 6
74 82 9
74 83 3
74 84 2
74 85 2
74 86 5
74 87 5
74 88 6
74 89 5
74 90 6
74 91 8
74 92 10
74 93 3
74 94 5
74 95 6
74 96 7
74 97 2
74 98 1
74 99 7
74 100 1
74 101 2
74 102 1
74 103 1
74 104 10
74 105 6
74 106 6
74 107 5
74 108 6
74 109 10
74 110 5
74 111 6
74 112 7
74 113 3
74 114 10
74 115 8
74 116 6
74 117 8
74 118 7
74 119 5
74 120 2
74 121 1
74 122 5
74 123 7
74 124 6
74 125 6
74 126 2
74 127 6
75 76 5
75 77 6
75 78 1
75 79 5
75 80 6
75 81 6
75 82 5
75 83 1
75 84 4
75 85 5
75 86 4
75 87 4
75 88 4
75 89 1
75 90 2
75 91 5
75 92 7
75 93 7
75 94 6
75 95 5
75 96 6
75 97 9
75 98 2
75 99 2
75 100 2
75 101 1
75 102 1
75 103 6
75 104 5
75 105 3
75 106 5
75 107 2
75 108 6
75 109 7
75 110 1
75 111 6
75 112 4
75 113 6
75 114 1
75 115 7
75 116 1
75 117 5
75 118 5
75 119 5
75 120 4
75 121 2
75 122 4
75 123 4
75 124 2
75 125 5
75 126 3
75 127 7
76 77 1
76 78 6
76 79 6
76 80 6
76 81 4
76 82 4
76 83 2
76 84 8
76 85 8
76 86 8
76 87 4
76 88 6
76 89 4
76 90 5
76 91 8
76 92 5
76 93 4
76 94 5
76 95 5
76 96 8
76 97 5
76 98 4
76 99 4
76 100 3
76 101 7
76 102 4
76 103 4
76 104 6
76 105 4
76 106 8
76 107 1
76 108 5
76 109 4
76 110 3
76 111 5
76 112 6
76 113 5
76 114 6
76 115 4
76 116 5
76 117 6
76 118 7
76 119 3
76 120 3
76 121 1
76 122 6
76 123 9
76 124 5
76 125 7
76 126 1
76 127 5
77 78 7
77 79 6
77 80 6
77 81 6
77 82 5
77 83 6
77 84 5
77 85 6
77 86 7
77 87 5
77 88 5
77 89 5
77 90 6
77 91 6
77 92 6
77 93 6
77 94 5
77 95 6
77 96 6
77 97 6
77 98 7
77 99 1
77 100 5
77 101 7
77 102 5
77 103 5
77 104 6
77 105 6
77 106 6
77 107 5
77 108 6
77 109 6
77 110 6
77 111 6
77 112 6
77 113 6
77 114 6
77 115 6
77 116 6
77 117 6
77 118 5
77 119 5
77 120 6
77 121 5
77 122 5
77 123 5
77 124 6
77 125 6
77 126 6
77 127 6
78 79 6
78 80 6
78 81 6
78 82 1
78 83 1
78 84 10
78 85 1
78 86 7
78 87 5
78 88 6
78 89 5
78 90 1
78 91 7
78 92 6
78 93 1
78 94 7
78 95 6
78 96 2
78 97 5
78 98 1
78 99 9
78 100 3
78 101 2
78 102 5
78 103 5
78 104 7
78 105 4
78 106 6
78 107 4
78 108 5
78 109 6
78 110 10
78 111 5
78 112 6
78 113 10
78 114 7
78 115 4
78 116 6
78 117 10
78 118 2
78 119 6
78 120 6
78 121 1
78 122 6
78 123 6
78 124 5
78 125 6
78 126 1
78 127 4
79 80 7
79 81 6
79 82 6
79 83 2
79 84 5
79 85 6
79 86 5
79 87 5
79 88 6
79 89 1
79 90 2
79 91 7
79 92 7
79 93 1
79 94 2
79 95 7
79 96 7
79 97 6
79 98 6
79 99 7
79 100 1
79 101 1
79 102 5
79 103 2
79 104 7
79 105 6
79 106 6
79 107 5
79 108 6
79 109 2
79 110 1
79 111 5
79 112 7
79 113 3
79 114 9
79 115 5
79 116 8
79 117 2
79 118 1
79 119 1
79 120 1
79 121 1
79 122 6
79 123 4
79 124 2
79 125 5
79 126 2
79 127 5
80 81 6
80 82 6
80 83 7
80 84 7
80 85 2
80 86 7
80 87 5
80 88 2
80 89 5
80 90 6
80 91 8
80 92 7
80 93 1
80 94 1
80 95 2
80 96 2
80 97 6
80 98 5
80 99 1
80 100 1
80 101 2
80 102 1
80 103 5
80 104 10
80 105 1
80 106 6
80 107 1
80 108 6
80 109 2
80 110 2
80 111 6
80 112 2
80 113 4
80 114 8
80 115 5
80 116 6
80 117 1
80 118 7
80 119 2
80 120 3
80 121 5
80 122 6
80 123 7
80 124 6
80 125 7
80 126 2
80 127 5
81 82 1
81 83 1
81 84 4
81 85 5
81 86 4
81 87 5
81 88 1
81 89 5
81 90 2
81 91 5
81 92 10
81 93 3
81 94 6
81 95 1
81 96 6
81 97 6
81 98 9
81 99 7
81 100 5
81 101 6
81 102 4
81 103 1
81 104 9
81 105 7
81 106 5
81 107 5
81 108 6
81 109 7
81 110 5
81 111 2
81 112 5
81 113 1
81 114 5
81 115 2
81 116 6
81 117 9
81 118 8
81 119 4
81 120 4
81 121 5
81 122 1
81 123 7
81 124 6
81 125 5
81 126 2
81 127 2
82 83 6
82 84 7
82 85 1
82 86 4
82 87 9
82 88 5
82 89 3
82 90 7
82 91 7
82 92 7
82 93 1
82 94 6
82 95 6
82 96 8
82 97 1
82 98 6
82 99 2
82 100 1
82 101 6
82 102 3
82 103 6
82 104 9
82 105 5
82 106 6
82 107 5
82 108 5
82 109 6
82 110 5
82 111 4
82 112 5
82 113 6
82 114 6
82 115 5
82 116 6
82 117 6
82 118 4
82 119 1
82 120 1
82 121 5
82 122 5
82 123 4
82 124 6
82 125 4
82 126 1
82 127 5
83 84 7
83 85 1
83 86 3
83 87 6
83 88 9
83 89 1
83 90 2
83 91 9
83 92 1
83 93 6
83 94 6
83 95 9
83 96 1
83 97 10
83 98 1
83 99 6
83 100 1
83 101 2
83 102 6
83 103 5
83 104 7
83 105 5
83 106 7
83 107 2
83 108 7
83 109 5
83 110 1
83 111 7
83 112 2
83 113 7
83 114 7
83 115 1
83 116 4
83 117 1
83 118 1
83 119 2
83 120 1
83 121 6
83 122 6
83 123 2
83 124 7
83 125 2
83 126 2
83 127 9
84 85 3
84 86 7
84 87 6
84 88 6
84 89 8
84 90 2
84 91 10
84 92 8
84 93 5
84 94 4
84 95 5
84 96 6
84 97 5
84 98 6
84 99 1
84 100 3
84 101 5
84 102 4
84 103 4
84 104 9
84 105 4
84 106 8
84 107 4
84 108 5
84 109 5
84 110 7
84 111 5
84 112 8
84 113 6
84 114 6
84 115 4
84 116 6
84 117 6
84 118 7
84 119 7
84 120 3
84 121 4
84 122 6
84 123 10
84 124 5
84 125 7
84 126 7
84 127 4
85 86 8
85 87 1
85 88 6
85 89 9
85 90 1
85 91 2
85 92 1
85 93 6
85 94 1
85 95 6
85 96 1
85 97 2
85 98 1
85 99 5
85 100 1
85 101 3
85 102 4
85 103 4
85 104 1
85 105 1
85 106 6
85 107 1
85 108 6
85 109 1
85 110 3
85 111 5
85 112 3
85 113 2
85 114 2
85 115 4
85 116 2
85 117 1
85 118 3
85 119 3
85 120 2
85 121 8
85 122 7
85 123 8
85 124 1
85 125 3
85 126 1
85 127 5
86 87 4
86 88 9
86 89 10
86 90 5
86 91 2
86 92 6
86 93 5
86 94 4
86 95 1
86 96 5
86 97 6
86 98 8
86 99 4
86 100 1
86 101 7
86 102 8
86 103 1
86 104 9
86 105 6
86 106 6
86 107 1
86 108 5
86 109 6
86 110 10
86 111 5
86 112 7
86 113 5
86 114 8
86 115 4
86 116 3
86 117 6
86 118 7
86 119 8
86 120 4
86 121 1
86 122 10
86 123 10
86 124 7
86 125 7
86 126 1
86 127 4
87 88 1
87 89 7
87 90 6
87 91 9
87 92 5
87 93 6
87 94 7
87 95 6
87 96 5
87 97 9
87 98 2
87 99 1
87 100 6
87 101 5
87 102 3
87 103 2
87 104 6
87 105 6
87 106 5
87 107 3
87 108 5
87 109 8
87 110 1
87 111 4
87 112 1
87 113 5
87 114 8
87 115 5
87 116 1
87 117 5
87 118 4
87 119 7
87 120 1
87 121 3
87 122 4
87 123 4
87 124 6
87 125 4
87 126 1
87 127 6
88 89 6
88 90 5
88 91 8
88 92 5
88 93 5
88 94 1
88 95 10
88 96 7
88 97 9
88 98 6
88 99 9
88 100 1
88 101 3
88 102 5
88 103 5
88 104 6
88 105 4
88 106 2
88 107 5
88 108 6
88 109 6
88 110 7
88 111 5
88 112 6
88 113 6
88 114 8
88 115 4
88 116 2
88 117 6
88 118 6
88 119 2
88 120 2
88 121 6
88 122 7
88 123 5
88 124 5
88 125 3
88 126 2
88 127 5
89 90 1
89 91 6
89 92 1
89 93 4
89 94 1
89 95 5
89 96 1
89 97 7
89 98 1
89 99 1
89 100 1
89 101 2
89 102 8
89 103 4
89 104 5
89 105 5
89 106 5
89 107 3
89 108 6
89 109 5
89 110 4
89 111 7
89 112 6
89 113 4
89 114 5
89 115 5
89 116 1
89 117 1
89 118 8
89 119 9
89 120 4
89 121 1
89 122 5
89 123 3
89 124 5
89 125 7
89 126 1
89 127 1
90 91 6
90 92 7
90 93 10
90 94 2
90 95 7
90 96 6
90 97 6
90 98 6
90 99 7
90 100 1
90 101 5
90 102 4
90 103 6
90 104 7
90 105 7
90 106 6
90 107 2
90 108 7
90 109 7
90 110 5
90 111 9
90 112 6
90 113 6
90 114 7
90 115 2
90 116 2
90 117 6
90 118 1
90 119 5
90 120 1
90 121 7
90 122 5
90 123 4
90 124 7
90 125 5
90 126 3
90 127 7
91 92 2
91 93 5
91 94 5
91 95 9
91 96 6
91 97 9
91 98 1
91 99 1
91 100 1
91 101 7
91 102 9
91 103 5
91 104 10
91 105 7
91 106 2
91 107 7
91 108 6
91 109 9
91 110 1
91 111 4
91 112 8
91 113 6
91 114 10
91 115 6
91 116 8
91 117 2
91 118 6
91 119 10
91 120 6
91 121 5
91 122 6
91 123 7
91 124 8
91 125 2
91 126 3
91 127 5
92 93 6
92 94 5
92 95 6
92 96 8
92 97 6
92 98 5
92 99 1
92 100 5
92 101 9
92 102 1
92 103 5
92 104 8
92 105 7
92 106 6
92 107 5
92 108 6
92 109 6
92 110 9
92 111 7
92 112 5
92 113 8
92 114 6
92 115 6
92 116 7
92 117 10
92 118 9
92 119 1
92 120 5
92 121 5
92 122 5
92 123 7
92 124 7
92 125 6
92 126 7
92 127 6
93 94 7
93 95 6
93 96 1
93 97 6
93 98 6
93 99 2
93 100 2
93 101 1
93 102 1
93 103 6
93 104 5
93 105 7
93 106 5
93 107 7
93 108 6
93 109 5
93 110 4
93 111 9
93 112 6
93 113 5
93 114 9
93 115 6
93 116 9
93 117 1
93 118 5
93 119 4
93 120 1
93 121 2
93 122 4
93 123 5
93 124 6
93 125 5
93 126 2
93 127 3
94 95 7
94 96 1
94 97 8
94 98 2
94 99 8
94 100 5
94 101 1
94 102 4
94 103 7
94 104 2
94 105 7
94 106 1
94 107 6
94 108 5
94 109 2
94 110 4
94 111 1
94 112 1
94 113 2
94 114 1
94 115 1
94 116 2
94 117 5
94 118 4
94 119 4
94 120 5
94 121 1
94 122 5
94 123 4
94 124 7
94 125 4
94 126 1
94 127 6
95 96 3
95 97 10
95 98 6
95 99 2
95 100 4
95 101 5
95 102 4
95 103 6
95 104 8
95 105 5
95 106 6
95 107 5
95 108 6
95 109 5
95 110 5
95 111 5
95 112 6
95 113 7
95 114 6
95 115 5
95 116 7
95 117 6
95 118 1
95 119 5
95 120 5
95 121 6
95 122 6
95 123 1
95 124 6
95 125 5
95 126 8
95 127 5
96 97 2
96 98 7
96 99 2
96 100 1
96 101 9
96 102 4
96 103 2
96 104 10
96 105 1
96 106 10
96 107 5
96 108 6
96 109 1
96 110 5
96 111 5
96 112 6
96 113 7
96 114 6
96 115 5
96 116 7
96 117 7
96 118 5
96 119 1
96 120 1
96 121 1
96 122 6
96 123 1
96 124 2
96 125 7
96 126 8
96 127 5
97 98 5
97 99 6
97 100 5
97 101 2
97 102 5
97 103 5
97 104 7
97 105 8
97 106 6
97 107 5
97 108 7
97 109 7
97 110 5
97 111 6
97 112 5
97 113 6
97 114 8
97 115 6
97 116 4
97 117 6
97 118 5
97 119 5
97 120 6
97 121 5
97 122 5
97 123 5
97 124 6
97 125 6
97 126 2
97 127 6
98 99 6
98 100 1
98 101 4
98 102 3
98 103 6
98 104 2
98 105 7
98 106 5
98 107 2
98 108 5
98 109 6
98 110 5
98 111 4
98 112 5
98 113 6
98 114 5
98 115 5
98 116 6
98 117 6
98 118 5
98 119 4
98 120 1
98 121 6
98 122 5
98 123 4
98 124 6
98 125 4
98 126 2
98 127 6
99 100 1
99 101 1
99 102 1
99 103 2
99 104 7
99 105 2
99 106 1
99 107 2
99 108 5
99 109 2
99 110 8
99 111 1
99 112 7
99 113 1
99 114 6
99 115 1
99 116 2
99 117 1
99 118 1
99 119 1
99 120 1
99 121 3
99 122 6
99 123 4
99 124 2
99 125 1
99 126 1
99 127 7
100 101 1
100 102 1
100 103 1
100 104 1
100 105 2
100 106 1
100 107 2
100 108 5
100 109 1
100 110 1
100 111 1
100 112 1
100 113 7
100 114 1
100 115 5
100 116 1
100 117 4
100 118 1
100 119 1
100 120 5
100 121 1
100 122 4
100 123 5
100 124 5
100 125 4
100 126 8
100 127 6
101 102 8
101 103 1
101 104 3
101 105 5
101 106 10
101 107 4
101 108 6
101 109 1
101 110 7
101 111 6
101 112 7
101 113 5
101 114 8
101 115 5
101 116 6
101 117 7
101 118 8
101 119 8
101 120 8
101 121 4
101 122 6
101 123 10
101 124 1
101 125 8
101 126 6
101 127 1
102 103 1
102 104 5
102 105 4
102 106 5
102 107 3
102 108 1
102 109 1
102 110 8
102 111 6
102 112 6
102 113 1
102 114 5
102 115 4
102 116 4
102 117 5
102 118 8
102 119 9
102 120 3
102 121 3
102 122 5
102 123 9
102 124 5
102 125 8
102 126 1
102 127 4
103 104 4
103 105 6
103 106 5
103 107 6
103 108 9
103 109 7
103 110 1
103 111 4
103 112 5
103 113 6
103 114 1
103 115 5
103 116 6
103 117 5
103 118 4
103 119 4
103 120 1
103 121 7
103 122 5
103 123 1
103 124 6
103 125 4
103 126 5
103 127 8
104 105 5
104 106 9
104 107 6
104 108 6
104 109 9
104 110 5
104 111 5
104 112 7
104 113 10
104 114 10
104 115 5
104 116 9
104 117 3
104 118 2
104 119 6
104 120 2
104 121 1
104 122 6
104 123 4
104 124 6
104 125 9
104 126 2
104 127 5
105 106 5
105 107 8
105 108 6
105 109 7
105 110 4
105 111 9
105 112 6
105 113 7
105 114 5
105 115 6
105 116 9
105 117 1
105 118 1
105 119 6
105 120 1
105 121 8
105 122 4
105 123 4
105 124 6
105 125 5
105 126 8
105 127 7
106 107 5
106 108 2
106 109 6
106 110 2
106 111 6
106 112 6
106 113 10
106 114 7
106 115 6
106 116 3
106 117 6
106 118 2
106 119 2
106 120 2
106 121 1
106 122 6
106 123 6
106 124 6
106 125 8
106 126 7
106 127 1
107 108 5
107 109 6
107 110 1
107 111 6
107 112 5
107 113 6
107 114 5
107 115 5
107 116 9
107 117 1
107 118 1
107 119 2
107 120 6
107 121 3
107 122 1
107 123 4
107 124 8
107 125 4
107 126 1
107 127 2
108 109 6
108 110 1
108 111 6
108 112 5
108 113 6
108 114 7
108 115 6
108 116 7
108 117 6
108 118 5
108 119 5
108 120 5
108 121 6
108 122 1
108 123 5
108 124 6
108 125 8
108 126 8
108 127 6
109 110 4
109 111 6
109 112 5
109 113 3
109 114 9
109 115 6
109 116 1
109 117 5
109 118 4
109 119 5
109 120 1
109 121 6
109 122 4
109 123 8
109 124 2
109 125 5
109 126 2
109 127 3
110 111 5
110 112 6
110 113 5
110 114 7
110 115 4
110 116 5
110 117 9
110 118 8
110 119 7
110 120 7
110 121 5
110 122 9
110 123 4
110 124 6
110 125 3
110 126 1
110 127 1
111 112 7
111 113 5
111 114 6
111 115 6
111 116 7
111 117 6
111 118 1
111 119 9
111 120 1
111 121 4
111 122 5
111 123 6
111 124 7
111 125 6
111 126 3
111 127 5
112 113 6
112 114 9
112 115 4
112 116 8
112 117 2
112 118 6
112 119 6
112 120 1
112 121 1
112 122 7
112 123 1
112 124 1
112 125 2
112 126 5
112 127 4
113 114 4
113 115 1
113 116 3
113 117 2
113 118 1
113 119 3
113 120 3
113 121 1
113 122 1
113 123 2
113 124 3
113 125 5
113 126 2
113 127 1
114 115 1
114 116 1
114 117 1
114 118 3
114 119 2
114 120 1
114 121 2
114 122 3
114 123 3
114 124 3
114 125 1
114 126 1
114 127 2
115 116 1
115 117 1
115 118 1
115 119 1
115 120 1
115 121 1
115 122 4
115 123 1
115 124 3
115 125 1
115 126 4
115 127 2
116 117 1
116 118 1
116 119 5
116 120 1
116 121 1
116 122 3
116 123 2
116 124 3
116 125 1
116 126 1
116 127 2
117 118 6
117 119 1
117 120 2
117 121 1
117 122 3
117 123 2
117 124 1
117 125 2
117 126 1
117 127 1
118 119 1
118 120 3
118 121 1
118 122 5
118 123 5
118 124 2
118 125 1
118 126 1
118 127 2
119 120 1
119 121 1
119 122 2
119 123 5
119 124 1
119 125 3
119 126 1
119 127 1
120 121 1
120 122 3
120 123 6
120 124 1
120 125 3
120 126 1
120 127 1
121 122 1
121 123 1
121 124 6
121 125 1
121 126 3
121 127 2
122 123 1
122 124 3
122 125 2
122 126 1
122 127 1
123 124 1
123 125 5
123 126 1
123 127 1
124 125 1
124 126 4
124 127 2
125 126 3
125 127 3
126 127 1
0 0 0