24/10/25 16:48:48
data.txt
0,4,31g,34g,100,126H,8 6 10 6 7 8 ,41.0,45,2,2,1,
1,4,14,23g,50,98g,7 7 6 8 6 7 ,37.0,41,2,2,0,
2,4,2,22,48,52,6 6 6 9 6 7 ,32.0,40,0,4,0,
3,4,9g,40,41g,95,9 8 9 9 8 9 ,52.0,52,2,2,0,
4,4,21,24g,42,77g,7 6 6 7 6 7 ,33.0,39,2,2,0,
5,4,64,71g,87g,97,7 10 6 7 6 9 ,41.0,45,2,2,0,
6,4,6,11,56,79,7 6 10 8 9 10 ,48.0,50,0,4,0,
7,4,10g,53g,84g,123gH,10 10 8 9 8 10 ,55.0,55,4,0,1,
8,4,35g,38g,60g,99g,6 6 9 9 6 7 ,37.0,43,4,0,0,
9,4,17g,33,55,81g,10 10 9 10 9 9 ,57.0,57,2,2,0,
10,4,49,75g,93,115gH,7 6 9 7 7 6 ,38.0,42,2,2,1,
11,4,65,105,107,116H,10 10 7 8 9 9 ,53.0,53,0,4,1,
12,4,5g,27g,46,120H,10 7 6 8 6 7 ,40.0,44,2,2,1,
13,4,45,101g,111g,114H,10 9 10 6 8 6 ,45.0,49,2,2,1,
14,4,59,67g,76,125gH,9 6 6 10 8 7 ,42.0,46,2,2,1,
15,4,20g,43g,74,109,10 8 7 6 8 10 ,47.0,49,2,2,0,
16,4,8,47g,58,118gH,8 6 9 6 9 8 ,42.0,46,2,2,1,
17,4,12,63,69g,127gH,9 10 7 10 7 6 ,47.0,49,2,2,1,
18,4,7g,89g,102,119H,7 8 7 8 9 9 ,48.0,48,2,2,1,
19,4,96,104g,106g,112,10 10 6 9 7 6 ,44.0,48,2,2,0,
20,4,26g,32,62g,73,9 10 8 10 9 9 ,55.0,55,2,2,0,
21,4,3g,13g,37g,72g,10 9 10 10 10 9 ,58.0,58,4,0,0,
22,4,39,66g,103,121gH,6 6 7 7 7 7 ,36.0,40,2,2,1,
23,4,16g,90g,108,124H,9 9 8 7 7 6 ,44.0,46,2,2,1,
24,4,51g,85g,86,122H,6 7 10 8 7 10 ,46.0,48,2,2,1,
25,4,1,54,57,110,10 9 9 8 10 9 ,55.0,55,0,4,0,
26,4,36,61g,88,113gH,7 6 10 9 10 6 ,44.0,48,2,2,1,
27,4,4g,15g,18,82,10 7 7 9 9 10 ,52.0,52,2,2,0,
28,4,28,29g,68g,70,7 9 10 8 10 10 ,54.0,54,2,2,0,
29,4,19,25g,30g,94,6 10 10 9 10 6 ,47.0,51,2,2,0,
30,4,0,78g,92,117gH,6 6 6 6 10 10 ,36.0,44,2,2,1,
31,4,44g,80,83,91g,10 6 6 7 8 9 ,42.0,46,2,2,0,
Total Value = 1448.0
Minimum Compatibility = 6
Total Compatibility = 1538
24/10/25 16:53:54
-----
data.txt
0,4,51g,54,67g,120H,8 6 7 10 7 10 ,46.0,48,2,2,1,
1,4,15g,20g,56,79,8 10 10 7 8 10 ,53.0,53,2,2,0,
2,4,58,75g,93,115gH,6 6 10 7 7 6 ,36.0,42,2,2,1,
3,4,1,44g,57,85g,8 9 8 9 10 10 ,54.0,54,2,2,0,
4,4,28,42,62g,127gH,7 7 7 7 7 7 ,42.0,42,2,2,1,
5,4,26g,41g,96,126H,8 10 7 9 7 8 ,49.0,49,2,2,1,
6,4,68g,69g,78g,117gH,9 10 10 9 9 10 ,57.0,57,4,0,1,
7,4,11,13g,37g,92,10 8 10 10 10 9 ,57.0,57,2,2,0,
8,4,39,66g,105,121gH,6 7 7 7 7 8 ,40.0,42,2,2,1,
9,4,86,89g,102,125gH,10 8 7 8 7 8 ,48.0,48,2,2,1,
10,4,10g,53g,84g,123gH,10 10 8 9 8 10 ,55.0,55,4,0,1,
11,4,17g,34g,73,107,6 7 7 7 9 7 ,41.0,43,2,2,0,
12,4,32,38g,90g,103,7 10 7 6 7 6 ,39.0,43,2,2,0,
13,4,5g,27g,46,110,10 7 7 8 8 10 ,50.0,50,2,2,0,
14,4,4g,6,35g,74,7 10 9 7 7 8 ,48.0,48,2,2,0,
15,4,0,77g,80,104g,8 7 7 6 6 10 ,40.0,44,2,2,0,
16,4,36,40,61g,113gH,8 7 10 10 10 10 ,55.0,55,2,2,1,
17,4,31g,43g,49,100,10 8 6 7 7 9 ,45.0,47,2,2,0,
18,4,12,19,95,124H,8 9 7 8 7 6 ,43.0,45,0,4,1,
19,4,14,23g,50,60g,7 7 6 8 6 10 ,40.0,44,2,2,0,
20,4,22,48,112,122H,9 8 9 6 7 7 ,44.0,46,0,4,1,
21,4,9g,16g,33,55,7 7 8 10 10 10 ,52.0,52,2,2,0,
22,4,24g,59,64,106g,7 7 7 9 6 9 ,43.0,45,2,2,0,
23,4,70,81g,98g,116H,9 6 8 9 6 6 ,38.0,44,2,2,1,
24,4,83,88,97,114H,9 10 7 9 8 8 ,51.0,51,0,4,1,
25,4,65,87g,91g,109,10 7 10 9 8 9 ,53.0,53,2,2,0,
26,4,2,7g,21,72g,10 6 7 6 6 7 ,36.0,42,2,2,0,
27,4,52,76,101g,118gH,7 7 8 7 7 8 ,44.0,44,2,2,1,
28,4,18,29g,30g,82,6 7 10 8 6 7 ,40.0,44,2,2,0,
29,4,25g,45,111g,119H,8 7 7 9 7 9 ,47.0,47,2,2,1,
30,4,63,71g,94,99g,7 7 10 6 10 8 ,46.0,48,2,2,0,
31,4,3g,8,47g,108,10 10 10 8 7 6 ,49.0,51,2,2,0,
Total Value = 1481.0
Minimum Compatibility = 6
Total Compatibility = 1533
24/10/25 16:59:00
-----
data.txt
0,4,30g,39,89g,108,9 8 7 8 6 6 ,40.0,44,2,2,0,
1,4,49,51g,72g,100,8 7 9 8 8 7 ,47.0,47,2,2,0,
2,4,13g,34g,37g,98g,7 10 8 8 6 8 ,45.0,47,4,0,0,
3,4,20g,53g,56,74,7 7 8 10 9 9 ,50.0,50,2,2,0,
4,4,28,45,50,92,8 10 9 8 10 9 ,54.0,54,0,4,0,
5,4,43g,69g,71g,99g,6 7 6 9 10 10 ,44.0,48,4,0,0,
6,4,15g,18,27g,82,9 6 9 6 10 6 ,40.0,46,2,2,0,
7,4,14,23g,38g,124H,7 7 6 7 7 7 ,39.0,41,2,2,1,
8,4,64,65,107,116H,6 6 6 10 7 9 ,38.0,44,0,4,1,
9,4,87g,104g,109,114H,6 8 8 9 10 9 ,48.0,50,2,2,1,
10,4,9g,55,80,81g,8 9 7 9 9 6 ,46.0,48,2,2,0,
11,4,26g,32,62g,96,9 10 10 10 10 10 ,59.0,59,2,2,0,
12,4,5g,76,91g,112,10 10 6 8 6 8 ,44.0,48,2,2,0,
13,4,24g,83,97,127gH,9 10 7 10 9 6 ,49.0,51,2,2,1,
14,4,0,11,59,79,7 10 7 6 9 6 ,41.0,45,0,4,0,
15,4,25g,60g,75g,115gH,6 8 6 6 9 7 ,36.0,42,4,0,1,
16,4,7g,102,111g,119H,8 6 7 6 9 9 ,41.0,45,2,2,1,
17,4,31g,41g,73,126H,10 10 10 10 7 7 ,54.0,54,2,2,1,
18,4,66g,103,105,121gH,7 7 7 6 7 8 ,40.0,42,2,2,1,
19,4,46,86,110,122H,9 10 9 10 10 9 ,57.0,57,0,4,1,
20,4,16g,17g,33,88,10 10 9 10 9 9 ,57.0,57,2,2,0,
21,4,8,54,101g,118gH,9 9 9 9 7 8 ,51.0,51,2,2,1,
22,4,68g,78g,84g,117gH,10 7 10 10 10 6 ,51.0,53,4,0,1,
23,4,1,44g,57,85g,8 9 8 9 10 10 ,54.0,54,2,2,0,
24,4,42,77g,90g,93,7 6 7 6 6 10 ,36.0,42,2,2,0,
25,4,10g,52,120H,123gH,9 10 8 7 8 6 ,46.0,48,2,2,2,
26,4,6,29g,35g,70,10 7 6 6 10 8 ,43.0,47,2,2,0,
27,4,36,40,61g,113gH,8 7 10 10 10 10 ,55.0,55,2,2,1,
28,4,19,58,63,94,6 8 10 6 6 7 ,37.0,43,0,4,0,
29,4,3g,12,47g,95,9 10 8 6 9 9 ,49.0,51,2,2,0,
30,4,4g,67g,106g,125gH,6 7 7 8 8 8 ,42.0,44,4,0,1,
31,4,2,21,22,48,6 6 6 6 7 9 ,32.0,40,0,4,0,
Total Value = 1465.0
Minimum Compatibility = 6
Total Compatibility = 1547
24/10/25 17:04:04
-----
data.txt
0,4,12,31g,41g,73,10 10 7 10 10 10 ,57.0,57,2,2,0,
1,4,44g,80,92,118gH,10 6 7 7 7 9 ,44.0,46,2,2,1,
2,4,61g,77g,108,126H,6 10 6 6 6 8 ,34.0,42,2,2,1,
3,4,17g,33,55,121gH,10 10 6 10 6 7 ,45.0,49,2,2,1,
4,4,85g,86,88,89g,8 6 9 9 10 6 ,44.0,48,2,2,0,
5,4,22,46,54,122H,8 6 9 9 9 9 ,48.0,50,0,4,1,
6,4,42,93,111g,115gH,7 6 6 9 6 6 ,32.0,40,2,2,1,
7,4,9g,24g,83,97,7 6 9 9 10 10 ,49.0,51,2,2,0,
8,4,8,16g,37g,105,6 10 7 8 10 7 ,46.0,48,2,2,0,
9,4,2,7g,21,35g,10 6 7 6 6 7 ,36.0,42,2,2,0,
10,4,53g,76,91g,114H,7 6 6 8 6 10 ,37.0,43,2,2,1,
11,4,40,48,56,112,7 7 7 8 6 8 ,41.0,43,0,4,0,
12,4,68g,78g,84g,117gH,10 7 10 10 10 6 ,51.0,53,4,0,1,
13,4,32,39,90g,127gH,7 10 6 6 7 7 ,39.0,43,2,2,1,
14,4,23g,50,58,60g,8 6 6 7 10 10 ,43.0,47,2,2,0,
15,4,11,13g,67g,120H,10 7 7 10 9 10 ,53.0,53,2,2,1,
16,4,6,29g,74,75g,10 7 6 10 7 10 ,48.0,50,2,2,0,
17,4,19,70,81g,98g,8 6 6 9 6 9 ,38.0,44,2,2,0,
18,4,26g,62g,95,124H,10 8 9 10 10 6 ,51.0,53,2,2,1,
19,4,63,69g,99g,110,10 10 8 10 7 8 ,53.0,53,2,2,0,
20,4,0,5g,27g,59,10 6 10 10 10 6 ,48.0,52,2,2,0,
21,4,4g,15g,18,79,10 7 10 9 10 10 ,56.0,56,2,2,0,
22,4,14,36,104g,113gH,6 6 6 9 10 10 ,41.0,47,2,2,1,
23,4,1,10g,52,123gH,10 8 8 9 8 8 ,51.0,51,2,2,1,
24,4,49,51g,72g,100,8 7 9 8 8 7 ,47.0,47,2,2,0,
25,4,57,101g,102,125gH,7 8 7 8 8 8 ,46.0,46,2,2,1,
26,4,30g,47g,103,116H,8 10 7 7 7 6 ,43.0,45,2,2,1,
27,4,20g,28,43g,109,7 10 7 7 10 8 ,49.0,49,2,2,0,
28,4,34g,65,66g,107,6 6 9 6 10 10 ,41.0,47,2,2,0,
29,4,3g,25g,45,119H,7 9 8 8 7 7 ,46.0,46,2,2,1,
30,4,64,71g,87g,94,7 10 6 7 6 7 ,39.0,43,2,2,0,
31,4,38g,82,96,106g,7 8 6 8 6 10 ,41.0,45,2,2,0,
Total Value = 1437.0
Minimum Compatibility = 6
Total Compatibility = 1529
24/10/25 17:09:07
-----
data.txt
0,4,89g,102,111g,119H,8 7 9 6 9 9 ,46.0,48,2,2,1,
1,4,76,85g,86,123gH,8 8 9 8 8 10 ,51.0,51,2,2,1,
2,4,54,57,88,114H,8 7 10 7 6 8 ,44.0,46,0,4,1,
3,4,8,13g,28,67g,10 10 10 10 10 6 ,54.0,56,2,2,0,
4,4,6,29g,68g,70,10 8 6 8 10 10 ,50.0,52,2,2,0,
5,4,83,93,94,97,6 6 10 7 6 8 ,37.0,43,0,4,0,
6,4,51g,53g,56,122H,6 7 10 10 7 7 ,45.0,47,2,2,1,
7,4,9g,26g,80,124H,9 9 7 9 9 6 ,47.0,49,2,2,1,
8,4,22,79,112,116H,7 8 7 7 8 8 ,45.0,45,0,4,1,
9,4,12,41g,47g,95,10 6 9 9 9 9 ,50.0,52,2,2,0,
10,4,19,24g,63,121gH,9 8 7 7 7 6 ,42.0,44,2,2,1,
11,4,58,74,75g,115gH,6 6 10 10 8 7 ,43.0,47,2,2,1,
12,4,11,15g,20g,120H,8 8 7 8 10 7 ,48.0,48,2,2,1,
13,4,30g,69g,78g,113gH,8 6 8 9 6 10 ,43.0,47,4,0,1,
14,4,31g,43g,49,100,10 8 6 7 7 9 ,45.0,47,2,2,0,
15,4,34g,66g,73,107,6 7 9 7 10 7 ,44.0,46,2,2,0,
16,4,25g,37g,81g,98g,7 6 7 7 8 9 ,42.0,44,4,0,0,
17,4,27g,46,110,118gH,8 8 6 10 9 8 ,47.0,49,2,2,1,
18,4,42,59,92,108,6 8 7 6 7 6 ,34.0,40,0,4,0,
19,4,18,50,64,82,10 6 10 7 10 6 ,45.0,49,0,4,0,
20,4,14,23g,38g,103,7 7 6 7 6 7 ,36.0,40,2,2,0,
21,4,16g,17g,33,55,10 10 10 10 10 10 ,60.0,60,2,2,0,
22,4,2,7g,21,117gH,10 6 6 6 7 6 ,33.0,41,2,2,1,
23,4,65,87g,91g,109,10 7 10 9 8 9 ,53.0,53,2,2,0,
24,4,3g,44g,72g,125gH,10 10 6 7 9 7 ,47.0,49,4,0,1,
25,4,4g,35g,60g,99g,10 7 9 6 9 7 ,46.0,48,4,0,0,
26,4,39,48,71g,127gH,6 7 7 6 6 7 ,33.0,39,2,2,1,
27,4,1,10g,52,84g,10 8 8 9 10 8 ,53.0,53,2,2,0,
28,4,32,62g,90g,105,10 10 10 10 9 7 ,56.0,56,2,2,0,
29,4,36,40,61g,104g,8 7 9 10 6 10 ,48.0,50,2,2,0,
30,4,96,101g,106g,126H,9 10 8 10 6 7 ,48.0,50,2,2,1,
31,4,0,5g,45,77g,10 8 8 7 7 6 ,44.0,46,2,2,0,
Total Value = 1459.0
Minimum Compatibility = 6
Total Compatibility = 1535
24/10/25 17:14:09
-----
data.txt
0,4,16g,25g,71g,81g,7 6 9 7 6 6 ,35.0,41,4,0,0,
1,4,39,43g,66g,107,7 6 6 6 6 10 ,33.0,41,2,2,0,
2,4,27g,46,69g,110,8 9 8 6 10 7 ,46.0,48,2,2,0,
3,4,13g,50,67g,116H,9 10 7 6 10 7 ,47.0,49,2,2,1,
4,4,6,75g,93,115gH,6 9 6 7 7 6 ,35.0,41,2,2,1,
5,4,23g,37g,38g,98g,6 7 6 10 8 7 ,40.0,44,4,0,0,
6,4,29g,30g,47g,61g,8 7 8 8 8 9 ,48.0,48,4,0,0,
7,4,14,32,64,96,7 6 7 6 10 6 ,36.0,42,0,4,0,
8,4,22,103,108,109,6 7 6 9 7 6 ,35.0,41,0,4,0,
9,4,44g,48,85g,88,7 10 9 7 6 6 ,41.0,45,2,2,0,
10,4,70,92,106g,117gH,10 7 10 6 10 6 ,45.0,49,2,2,1,
11,4,1,57,84g,118gH,9 8 10 8 8 7 ,50.0,50,2,2,1,
12,4,53g,76,86,123gH,7 7 8 8 9 10 ,49.0,49,2,2,1,
13,4,12,19,83,95,8 7 9 6 8 9 ,45.0,47,0,4,0,
14,4,17g,24g,33,80,9 10 9 9 10 9 ,56.0,56,2,2,0,
15,4,4g,15g,18,79,10 7 10 9 10 10 ,56.0,56,2,2,0,
16,4,36,56,104g,113gH,6 9 10 7 7 10 ,47.0,49,2,2,1,
17,4,26g,40,49,125gH,7 7 6 9 8 7 ,42.0,44,2,2,1,
18,4,20g,34g,42,126H,6 6 10 6 7 9 ,38.0,44,2,2,1,
19,4,89g,91g,102,119H,6 8 9 9 10 9 ,49.0,51,2,2,1,
20,4,65,82,87g,90g,10 10 7 9 7 6 ,47.0,49,2,2,0,
21,4,41g,58,100,127gH,6 6 6 6 6 6 ,24.0,36,2,2,1,
22,4,10g,11,68g,120H,6 8 10 9 7 7 ,45.0,47,2,2,1,
23,4,31g,62g,105,124H,9 10 8 9 10 6 ,50.0,52,2,2,1,
24,4,3g,8,45,101g,10 9 10 6 9 10 ,52.0,54,2,2,0,
25,4,2,7g,21,35g,10 6 7 6 6 7 ,36.0,42,2,2,0,
26,4,28,60g,73,121gH,6 6 6 6 9 7 ,32.0,40,2,2,1,
27,4,52,74,112,114H,6 7 10 7 10 9 ,47.0,49,0,4,1,
28,4,63,78g,94,99g,8 7 10 7 9 8 ,49.0,49,2,2,0,
29,4,0,5g,59,77g,10 10 8 10 7 6 ,49.0,51,2,2,0,
30,4,9g,55,97,111g,8 9 6 9 7 6 ,41.0,45,2,2,0,
31,4,51g,54,72g,122H,8 8 10 10 9 6 ,49.0,51,2,2,1,
Total Value = 1394.0
Minimum Compatibility = 6
Total Compatibility = 1500
24/10/25 17:19:12
-----
data.txt
0,4,63,69g,110,117gH,10 8 8 7 9 9 ,51.0,51,2,2,1,
1,4,32,34g,62g,95,9 10 10 9 7 10 ,55.0,55,2,2,0,
2,4,4g,18,79,99g,7 10 9 10 6 7 ,47.0,49,2,2,0,
3,4,66g,73,103,121gH,7 7 7 7 7 7 ,42.0,42,2,2,1,
4,4,74,96,104g,106g,7 10 6 10 10 9 ,50.0,52,2,2,0,
5,4,30g,59,61g,64,7 8 6 7 9 6 ,39.0,43,2,2,0,
6,4,23g,47g,50,124H,8 8 7 8 7 9 ,47.0,47,2,2,1,
7,4,15g,70,92,118gH,10 7 8 10 9 9 ,53.0,53,2,2,1,
8,4,84g,86,89g,112,7 8 8 10 7 6 ,44.0,46,2,2,0,
9,4,25g,39,75g,94,10 8 10 7 10 6 ,49.0,51,2,2,0,
10,4,91g,101g,102,119H,7 9 10 8 8 9 ,51.0,51,2,2,1,
11,4,1,44g,57,125gH,8 9 8 9 9 7 ,50.0,50,2,2,1,
12,4,42,48,108,126H,7 7 9 7 6 8 ,42.0,44,0,4,1,
13,4,12,31g,41g,100,10 10 6 10 6 6 ,42.0,48,2,2,0,
14,4,6,11,14,28,7 7 10 6 10 6 ,42.0,46,0,4,0,
15,4,0,19,76,88,7 6 8 7 8 6 ,38.0,42,0,4,0,
16,4,7g,40,53g,120H,6 8 7 6 7 10 ,40.0,44,2,2,1,
17,4,65,71g,87g,114H,8 10 9 7 7 8 ,49.0,49,2,2,1,
18,4,2,5g,21,72g,6 6 7 6 7 7 ,33.0,39,2,2,0,
19,4,22,29g,60g,122H,8 9 9 8 6 9 ,47.0,49,2,2,1,
20,4,54,58,77g,115gH,8 7 6 6 10 6 ,37.0,43,2,2,1,
21,4,20g,43g,107,109,10 10 7 6 8 6 ,43.0,47,2,2,0,
22,4,8,49,82,116H,7 7 8 6 7 6 ,37.0,41,0,4,1,
23,4,35g,68g,78g,113gH,10 6 7 10 10 10 ,51.0,53,4,0,1,
24,4,24g,83,97,127gH,9 10 7 10 9 6 ,49.0,51,2,2,1,
25,4,3g,13g,26g,67g,10 8 6 6 10 8 ,44.0,48,4,0,0,
26,4,90g,93,105,111g,10 7 9 7 9 9 ,51.0,51,2,2,0,
27,4,9g,45,80,123gH,7 9 7 7 8 7 ,45.0,45,2,2,1,
28,4,10g,52,56,85g,9 9 8 6 7 6 ,41.0,45,2,2,0,
29,4,27g,36,46,51g,6 8 7 8 10 9 ,46.0,48,2,2,0,
30,4,16g,17g,33,55,10 10 10 10 10 10 ,60.0,60,2,2,0,
31,4,37g,38g,81g,98g,10 7 8 6 7 9 ,45.0,47,4,0,0,
Total Value = 1460.0
Minimum Compatibility = 6
Total Compatibility = 1530
24/10/25 17:24:16
-----
data.txt
0,4,3g,8,45,47g,10 9 10 6 8 8 ,49.0,51,2,2,0,
1,4,1,54,57,110,10 9 9 8 10 9 ,55.0,55,0,4,0,
2,4,66g,103,105,121gH,7 7 7 6 7 8 ,40.0,42,2,2,1,
3,4,83,87g,91g,95,6 9 9 9 6 9 ,44.0,48,2,2,0,
4,4,33,55,64,80,10 7 9 9 9 7 ,51.0,51,0,4,0,
5,4,14,23g,50,60g,7 7 6 8 6 10 ,40.0,44,2,2,0,
6,4,20g,28,37g,109,7 8 7 10 10 10 ,52.0,52,2,2,0,
7,4,6,29g,68g,70,10 8 6 8 10 10 ,50.0,52,2,2,0,
8,4,39,42,108,126H,7 6 6 7 9 8 ,39.0,43,0,4,1,
9,4,0,5g,27g,59,10 6 10 10 10 6 ,48.0,52,2,2,0,
10,4,58,63,69g,99g,6 6 7 10 10 10 ,45.0,49,2,2,0,
11,4,16g,44g,88,97,8 9 9 9 9 9 ,53.0,53,2,2,0,
12,4,4g,74,92,117gH,9 9 7 10 8 10 ,53.0,53,2,2,1,
13,4,25g,71g,75g,115gH,7 8 6 8 6 7 ,38.0,42,4,0,1,
14,4,86,89g,102,118gH,10 8 7 8 8 8 ,49.0,49,2,2,1,
15,4,24g,48,85g,122H,6 6 6 7 7 7 ,33.0,39,2,2,1,
16,4,18,65,79,82,6 10 10 8 10 6 ,46.0,50,0,4,0,
17,4,2,7g,21,35g,10 6 7 6 6 7 ,36.0,42,2,2,0,
18,4,9g,77g,90g,111g,7 9 6 6 6 9 ,37.0,43,4,0,0,
19,4,26g,78g,112,114H,6 10 6 6 7 9 ,38.0,44,2,2,1,
20,4,10g,53g,56,119H,10 9 9 10 8 6 ,50.0,52,2,2,1,
21,4,11,22,93,116H,6 7 8 8 7 9 ,43.0,45,0,4,1,
22,4,15g,101g,106g,125gH,6 7 7 10 8 8 ,44.0,46,4,0,1,
23,4,32,34g,62g,96,9 10 10 9 8 10 ,56.0,56,2,2,0,
24,4,40,51g,100,113gH,6 6 10 8 9 7 ,42.0,46,2,2,1,
25,4,36,49,61g,104g,8 7 9 9 9 10 ,52.0,52,2,2,0,
26,4,13g,46,67g,120H,7 10 9 7 7 10 ,50.0,50,2,2,1,
27,4,12,31g,41g,73,10 10 7 10 10 10 ,57.0,57,2,2,0,
28,4,52,76,84g,123gH,7 8 8 8 9 10 ,50.0,50,2,2,1,
29,4,17g,43g,81g,98g,7 9 6 7 8 9 ,44.0,46,4,0,0,
30,4,19,30g,94,127gH,10 10 8 6 6 6 ,40.0,46,2,2,1,
31,4,38g,72g,107,124H,6 6 7 7 8 8 ,38.0,42,2,2,1,
Total Value = 1462.0
Minimum Compatibility = 6
Total Compatibility = 1542
24/10/25 17:29:19
-----
data.txt
0,4,0,44g,55,81g,7 8 6 8 8 9 ,44.0,46,2,2,0,
1,4,2,71g,93,115gH,9 7 6 7 6 6 ,35.0,41,2,2,1,
2,4,31g,41g,66g,111g,10 6 7 6 8 8 ,41.0,45,4,0,0,
3,4,5g,27g,47g,69g,10 8 9 6 9 8 ,48.0,50,4,0,0,
4,4,4g,15g,18,79,10 7 10 9 10 10 ,56.0,56,2,2,0,
5,4,28,37g,98g,109,10 8 10 8 10 6 ,50.0,52,2,2,0,
6,4,22,39,58,124H,7 10 8 6 6 8 ,41.0,45,0,4,1,
7,4,7g,53g,101g,118gH,8 7 7 7 7 8 ,44.0,44,4,0,1,
8,4,3g,45,54,89g,9 10 7 7 9 10 ,52.0,52,2,2,0,
9,4,64,80,104g,106g,7 6 9 10 6 9 ,43.0,47,2,2,0,
10,4,8,82,92,96,7 10 8 7 8 8 ,48.0,48,0,4,0,
11,4,59,86,102,119H,7 6 8 8 8 9 ,44.0,46,0,4,1,
12,4,11,13g,67g,116H,10 7 8 10 7 7 ,49.0,49,2,2,1,
13,4,16g,17g,33,88,10 10 9 10 9 9 ,57.0,57,2,2,0,
14,4,20g,42,43g,107,6 10 10 7 6 6 ,39.0,45,2,2,0,
15,4,6,29g,35g,70,10 7 6 6 10 8 ,43.0,47,2,2,0,
16,4,10g,46,68g,120H,6 8 10 6 7 7 ,40.0,44,2,2,1,
17,4,83,87g,91g,97,6 9 10 9 9 9 ,50.0,52,2,2,0,
18,4,14,23g,50,60g,7 7 6 8 6 10 ,40.0,44,2,2,0,
19,4,9g,77g,95,126H,7 9 8 6 6 8 ,40.0,44,2,2,1,
20,4,26g,38g,48,122H,6 10 6 7 6 7 ,36.0,42,2,2,1,
21,4,52,76,85g,123gH,7 7 8 8 9 8 ,47.0,47,2,2,1,
22,4,36,40,61g,113gH,8 7 10 10 10 10 ,55.0,55,2,2,1,
23,4,90g,99g,112,114H,7 6 7 7 6 9 ,38.0,42,2,2,1,
24,4,25g,30g,94,103,9 10 10 6 10 7 ,50.0,52,2,2,0,
25,4,32,34g,62g,73,9 10 9 9 7 9 ,53.0,53,2,2,0,
26,4,12,19,63,105,8 9 10 8 6 7 ,46.0,48,0,4,0,
27,4,56,78g,110,117gH,6 7 10 10 10 9 ,50.0,52,2,2,1,
28,4,1,57,84g,125gH,9 8 8 8 7 7 ,47.0,47,2,2,1,
29,4,49,51g,72g,100,8 7 9 8 8 7 ,47.0,47,2,2,0,
30,4,65,74,75g,127gH,9 7 8 10 6 7 ,45.0,47,2,2,1,
31,4,21,24g,108,121gH,7 9 8 9 7 6 ,44.0,46,2,2,1,
Total Value = 1462.0
Minimum Compatibility = 6
Total Compatibility = 1532
24/10/25 17:34:21
-----
data.txt
0,4,13g,42,43g,92,9 7 10 7 8 7 ,48.0,48,2,2,0,
1,4,10g,52,76,123gH,9 8 8 7 8 9 ,49.0,49,2,2,1,
2,4,89g,97,108,125gH,7 6 7 7 6 8 ,37.0,41,2,2,1,
3,4,22,58,60g,115gH,10 9 7 10 10 9 ,55.0,55,2,2,1,
4,4,1,44g,57,85g,8 9 8 9 10 10 ,54.0,54,2,2,0,
5,4,49,51g,72g,100,8 7 9 8 8 7 ,47.0,47,2,2,0,
6,4,4g,15g,56,70,10 6 8 10 10 7 ,49.0,51,2,2,0,
7,4,91g,101g,102,119H,7 9 10 8 8 9 ,51.0,51,2,2,1,
8,4,12,63,71g,127gH,9 6 7 7 7 7 ,41.0,43,2,2,1,
9,4,46,86,110,122H,9 10 9 10 10 9 ,57.0,57,0,4,1,
10,4,9g,77g,90g,111g,7 9 6 6 6 9 ,37.0,43,4,0,0,
11,4,61g,96,106g,126H,7 6 6 10 8 7 ,40.0,44,2,2,1,
12,4,32,39,94,105,7 6 10 10 7 7 ,45.0,47,0,4,0,
13,4,16g,24g,41g,87g,9 10 6 6 7 8 ,42.0,46,4,0,0,
14,4,19,83,88,95,6 8 8 9 9 10 ,48.0,50,0,4,0,
15,4,6,11,29g,99g,7 10 8 9 7 6 ,45.0,47,2,2,0,
16,4,8,50,82,124H,8 7 8 10 9 6 ,46.0,48,0,4,1,
17,4,0,18,36,79,6 6 7 6 10 7 ,36.0,42,0,4,0,
18,4,26g,40,48,113gH,7 10 9 7 10 7 ,50.0,50,2,2,1,
19,4,25g,28,37g,45,6 7 8 10 8 8 ,45.0,47,2,2,0,
20,4,27g,68g,69g,117gH,6 9 6 9 10 9 ,45.0,49,4,0,1,
21,4,65,93,107,116H,7 10 7 7 9 9 ,49.0,49,0,4,1,
22,4,14,23g,38g,103,7 7 6 7 6 7 ,36.0,40,2,2,0,
23,4,78g,104g,112,114H,7 6 7 7 10 9 ,44.0,46,2,2,1,
24,4,55,66g,73,121gH,6 10 7 7 7 7 ,42.0,44,2,2,1,
25,4,2,7g,21,35g,10 6 7 6 6 7 ,36.0,42,2,2,0,
26,4,53g,54,67g,120H,7 7 10 10 7 10 ,51.0,51,2,2,1,
27,4,3g,47g,84g,118gH,10 7 10 6 9 7 ,47.0,49,4,0,1,
28,4,31g,34g,62g,98g,8 9 8 9 6 10 ,48.0,50,4,0,0,
29,4,20g,74,75g,109,8 8 7 10 10 7 ,50.0,50,2,2,0,
30,4,17g,33,80,81g,10 9 9 9 9 6 ,50.0,52,2,2,0,
31,4,5g,30g,59,64,8 10 9 7 6 9 ,47.0,49,2,2,0,
Total Value = 1467.0
Minimum Compatibility = 6
Total Compatibility = 1531
24/10/25 17:39:22
-----
data.txt
0,4,3g,30g,89g,118gH,7 7 10 8 6 8 ,44.0,46,4,0,1,
1,4,8,70,77g,117gH,7 8 7 6 10 6 ,40.0,44,2,2,1,
2,4,42,48,103,108,7 6 7 6 7 9 ,38.0,42,0,4,0,
3,4,1,44g,52,85g,8 8 8 7 10 7 ,48.0,48,2,2,0,
4,4,12,63,69g,127gH,9 10 7 10 7 6 ,47.0,49,2,2,1,
5,4,31g,43g,49,100,10 8 6 7 7 9 ,45.0,47,2,2,0,
6,4,0,45,80,114H,8 7 7 7 10 8 ,47.0,47,0,4,1,
7,4,4g,18,35g,74,7 10 9 6 9 8 ,47.0,49,2,2,0,
8,4,2,24g,57,125gH,6 7 6 7 7 7 ,36.0,40,2,2,1,
9,4,14,23g,47g,50,7 6 7 8 8 8 ,42.0,44,2,2,0,
10,4,82,96,104g,106g,8 9 6 10 10 9 ,50.0,52,2,2,0,
11,4,9g,41g,62g,90g,8 9 9 9 10 10 ,55.0,55,4,0,0,
12,4,16g,26g,32,105,8 10 10 9 8 10 ,55.0,55,2,2,0,
13,4,21,72g,111g,124H,7 6 9 8 8 7 ,43.0,45,2,2,1,
14,4,34g,66g,73,107,6 7 9 7 10 7 ,44.0,46,2,2,0,
15,4,19,33,88,95,6 8 8 9 9 10 ,48.0,50,0,4,0,
16,4,37g,55,109,121gH,10 10 6 8 7 6 ,43.0,47,2,2,1,
17,4,53g,54,67g,76,7 7 7 10 7 10 ,48.0,48,2,2,0,
18,4,86,101g,102,123gH,7 8 10 8 10 9 ,52.0,52,2,2,1,
19,4,5g,25g,39,94,7 7 7 10 10 10 ,51.0,51,2,2,0,
20,4,17g,81g,98g,99g,9 6 6 9 7 6 ,37.0,43,4,0,0,
21,4,58,60g,93,115gH,10 6 10 8 9 6 ,45.0,49,2,2,1,
22,4,7g,10g,110,120H,8 8 7 9 10 7 ,49.0,49,2,2,1,
23,4,64,65,71g,75g,6 7 6 8 7 8 ,38.0,42,2,2,0,
24,4,11,15g,56,84g,8 8 7 10 8 8 ,49.0,49,2,2,0,
25,4,38g,59,78g,119H,7 7 6 6 8 6 ,34.0,40,2,2,1,
26,4,36,40,61g,113gH,8 7 10 10 10 10 ,55.0,55,2,2,1,
27,4,27g,46,51g,122H,8 7 6 9 9 10 ,47.0,49,2,2,1,
28,4,6,28,29g,68g,10 10 8 7 9 8 ,52.0,52,2,2,0,
29,4,83,87g,91g,97,6 9 10 9 9 9 ,50.0,52,2,2,0,
30,4,22,79,112,116H,7 8 7 7 8 8 ,45.0,45,0,4,1,
31,4,13g,20g,92,126H,8 10 8 7 10 7 ,50.0,50,2,2,1,
Total Value = 1474.0
Minimum Compatibility = 6
Total Compatibility = 1532
24/10/25 17:44:23
-----
data.txt
0,4,0,5g,59,77g,10 10 8 10 7 6 ,49.0,51,2,2,0,
1,4,3g,35g,76,86,9 10 7 6 6 8 ,42.0,46,2,2,0,
2,4,64,83,95,97,7 6 6 9 10 10 ,44.0,48,0,4,0,
3,4,45,89g,111g,119H,9 9 7 7 9 9 ,50.0,50,2,2,1,
4,4,20g,23g,37g,38g,6 8 6 6 7 10 ,37.0,43,4,0,0,
5,4,96,101g,106g,126H,9 10 8 10 6 7 ,48.0,50,2,2,1,
6,4,19,25g,30g,94,6 10 10 9 10 6 ,47.0,51,2,2,0,
7,4,58,93,112,116H,6 6 7 6 9 8 ,36.0,42,0,4,1,
8,4,4g,11,15g,120H,8 10 6 8 7 10 ,47.0,49,2,2,1,
9,4,14,65,79,82,6 6 7 8 10 6 ,37.0,43,0,4,0,
10,4,10g,53g,84g,123gH,10 10 8 9 8 10 ,55.0,55,4,0,1,
11,4,27g,36,40,113gH,6 7 7 8 10 10 ,46.0,48,2,2,1,
12,4,17g,24g,33,80,9 10 9 9 10 9 ,56.0,56,2,2,0,
13,4,62g,73,98g,103,9 10 6 6 7 6 ,38.0,44,2,2,0,
14,4,9g,26g,32,105,9 7 9 9 8 10 ,52.0,52,2,2,0,
15,4,2,21,51g,72g,6 6 7 6 7 8 ,34.0,40,2,2,0,
16,4,22,29g,60g,122H,8 9 9 8 6 9 ,47.0,49,2,2,1,
17,4,7g,57,102,125gH,7 8 7 8 7 8 ,45.0,45,2,2,1,
18,4,12,31g,100,127gH,10 6 7 6 7 6 ,36.0,42,2,2,1,
19,4,8,44g,85g,88,6 6 6 10 9 6 ,35.0,43,2,2,0,
20,4,70,81g,92,117gH,9 10 10 10 9 10 ,58.0,58,2,2,1,
21,4,34g,55,66g,107,10 6 9 6 8 10 ,45.0,49,2,2,0,
22,4,63,71g,87g,124H,7 6 6 7 6 6 ,30.0,38,2,2,1,
23,4,39,42,43g,67g,7 7 6 7 6 9 ,38.0,42,2,2,0,
24,4,49,61g,108,115gH,9 6 9 10 6 6 ,40.0,46,2,2,1,
25,4,6,13g,28,75g,6 10 6 10 8 10 ,46.0,50,2,2,0,
26,4,18,47g,50,118gH,6 10 8 8 9 8 ,47.0,49,2,2,1,
27,4,48,52,56,74,7 8 6 6 6 9 ,36.0,42,0,4,0,
28,4,91g,104g,109,114H,10 9 10 9 10 9 ,57.0,57,2,2,1,
29,4,16g,41g,90g,121gH,10 9 6 10 9 7 ,49.0,51,4,0,1,
30,4,68g,69g,78g,99g,9 10 9 9 10 9 ,56.0,56,4,0,0,
31,4,1,46,54,110,6 10 9 9 10 10 ,52.0,54,0,4,0,
Total Value = 1435.0
Minimum Compatibility = 6
Total Compatibility = 1539
24/10/25 17:49:24
-----
data.txt
0,4,20g,64,87g,109,6 6 7 10 7 8 ,40.0,44,2,2,0,
1,4,12,63,69g,99g,9 10 6 10 10 10 ,53.0,55,2,2,0,
2,4,16g,26g,32,73,8 10 9 9 8 9 ,53.0,53,2,2,0,
3,4,2,7g,21,35g,10 6 7 6 6 7 ,36.0,42,2,2,0,
4,4,74,91g,104g,114H,8 10 10 10 10 10 ,58.0,58,2,2,1,
5,4,42,48,90g,127gH,7 6 7 10 6 7 ,39.0,43,2,2,1,
6,4,1,54,57,110,10 9 9 8 10 9 ,55.0,55,0,4,0,
7,4,40,61g,78g,88,10 6 6 6 9 6 ,35.0,43,2,2,0,
8,4,13g,37g,62g,98g,10 8 8 8 8 10 ,52.0,52,4,0,0,
9,4,18,36,68g,113gH,6 8 7 7 10 10 ,46.0,48,2,2,1,
10,4,10g,15g,56,79,7 9 6 10 10 10 ,50.0,52,2,2,0,
11,4,86,89g,102,125gH,10 8 7 8 7 8 ,48.0,48,2,2,1,
12,4,49,51g,72g,100,8 7 9 8 8 7 ,47.0,47,2,2,0,
13,4,24g,33,108,121gH,9 9 7 9 6 6 ,42.0,46,2,2,1,
14,4,25g,71g,75g,77g,7 8 6 8 6 6 ,35.0,41,4,0,0,
15,4,19,83,95,97,6 8 6 9 10 10 ,45.0,49,0,4,0,
16,4,8,14,82,96,6 7 8 7 7 8 ,41.0,43,0,4,0,
17,4,31g,39,41g,126H,7 10 10 6 6 7 ,42.0,46,2,2,1,
18,4,17g,38g,43g,81g,7 7 9 6 6 7 ,38.0,42,4,0,0,
19,4,22,58,106g,115gH,10 6 7 6 10 6 ,39.0,45,2,2,1,
20,4,0,9g,80,123gH,6 7 9 9 7 7 ,43.0,45,2,2,1,
21,4,3g,29g,59,70,6 9 7 7 10 6 ,41.0,45,2,2,0,
22,4,34g,55,66g,107,10 6 9 6 8 10 ,45.0,49,2,2,0,
23,4,53g,76,84g,122H,7 9 7 8 6 6 ,39.0,43,2,2,1,
24,4,65,93,105,116H,7 10 7 7 9 9 ,49.0,49,0,4,1,
25,4,23g,30g,94,103,6 6 6 6 10 7 ,33.0,41,2,2,0,
26,4,4g,27g,44g,85g,6 7 6 6 6 10 ,33.0,41,4,0,0,
27,4,50,52,60g,118gH,8 10 8 6 8 7 ,45.0,47,2,2,1,
28,4,5g,111g,112,119H,8 6 6 7 9 6 ,36.0,42,2,2,1,
29,4,46,47g,67g,120H,7 7 7 10 6 10 ,45.0,47,2,2,1,
30,4,6,11,28,124H,7 10 6 10 6 6 ,39.0,45,0,4,1,
31,4,45,92,101g,117gH,10 10 7 9 10 7 ,53.0,53,2,2,1,
Total Value = 1395.0
Minimum Compatibility = 6
Total Compatibility = 1499
24/10/25 17:54:26
-----
data.txt
0,4,13g,26g,67g,125gH,6 10 6 8 6 8 ,38.0,44,4,0,1,
1,4,4g,15g,18,79,10 7 10 9 10 10 ,56.0,56,2,2,0,
2,4,45,81g,92,117gH,6 10 7 10 9 10 ,50.0,52,2,2,1,
3,4,8,28,77g,101g,10 8 9 7 8 7 ,49.0,49,2,2,0,
4,4,10g,53g,54,120H,10 6 10 7 10 7 ,48.0,50,2,2,1,
5,4,16g,33,64,87g,10 7 6 7 6 10 ,42.0,46,2,2,0,
6,4,89g,102,111g,119H,8 7 9 6 9 9 ,46.0,48,2,2,1,
7,4,9g,31g,80,83,9 9 6 9 7 7 ,45.0,47,2,2,0,
8,4,11,29g,68g,70,9 9 8 8 10 10 ,54.0,54,2,2,0,
9,4,56,110,112,122H,7 8 7 6 9 7 ,42.0,44,0,4,1,
10,4,30g,47g,61g,113gH,8 8 8 9 7 10 ,50.0,50,4,0,1,
11,4,20g,96,106g,126H,8 6 10 10 8 7 ,47.0,49,2,2,1,
12,4,17g,23g,37g,38g,6 8 7 6 7 10 ,40.0,44,4,0,0,
13,4,76,85g,86,123gH,8 8 9 8 8 10 ,51.0,51,2,2,1,
14,4,34g,55,66g,107,10 6 9 6 8 10 ,45.0,49,2,2,0,
15,4,25g,39,71g,103,10 7 10 7 6 6 ,42.0,46,2,2,0,
16,4,0,59,88,114H,10 8 7 7 6 8 ,44.0,46,0,4,1,
17,4,3g,43g,108,109,9 10 8 7 8 6 ,46.0,48,2,2,0,
18,4,42,75g,93,115gH,7 7 6 7 7 6 ,36.0,40,2,2,1,
19,4,5g,27g,36,46,10 7 7 6 8 8 ,44.0,46,2,2,0,
20,4,14,65,82,124H,6 7 6 10 8 6 ,37.0,43,0,4,1,
21,4,78g,84g,91g,104g,10 7 7 10 9 10 ,53.0,53,4,0,0,
22,4,41g,62g,90g,121gH,9 10 9 10 7 7 ,52.0,52,4,0,1,
23,4,19,94,95,97,10 8 6 7 8 10 ,47.0,49,0,4,0,
24,4,50,60g,98g,116H,10 7 10 6 8 6 ,43.0,47,2,2,1,
25,4,32,40,73,105,6 9 10 8 9 6 ,44.0,48,0,4,0,
26,4,21,22,48,58,6 7 6 9 10 7 ,41.0,45,0,4,0,
27,4,12,63,69g,127gH,9 10 7 10 7 6 ,47.0,49,2,2,1,
28,4,6,35g,74,99g,7 7 8 8 9 7 ,46.0,46,2,2,0,
29,4,49,51g,72g,100,8 7 9 8 8 7 ,47.0,47,2,2,0,
30,4,2,7g,24g,52,10 6 6 6 8 7 ,37.0,43,2,2,0,
31,4,1,44g,57,118gH,8 9 10 9 7 8 ,51.0,51,2,2,1,
Total Value = 1460.0
Minimum Compatibility = 6
Total Compatibility = 1532
24/10/25 17:59:28
-----
data.txt
0,4,11,13g,64,106g,10 7 7 8 9 9 ,50.0,50,2,2,0,
1,4,31g,41g,100,126H,10 6 10 6 7 8 ,43.0,47,2,2,1,
2,4,83,88,95,97,9 9 10 10 9 10 ,57.0,57,0,4,0,
3,4,63,73,99g,127gH,6 10 7 7 6 7 ,39.0,43,2,2,1,
4,4,66g,103,105,121gH,7 7 7 6 7 8 ,40.0,42,2,2,1,
5,4,61g,68g,78g,113gH,8 6 10 10 10 10 ,52.0,54,4,0,1,
6,4,14,23g,47g,50,7 6 7 8 8 8 ,42.0,44,2,2,0,
7,4,7g,46,51g,110,7 7 8 9 10 9 ,50.0,50,2,2,0,
8,4,18,36,79,116H,6 10 7 7 8 8 ,44.0,46,0,4,1,
9,4,20g,52,67g,120H,6 7 7 7 7 10 ,42.0,44,2,2,1,
10,4,45,54,89g,111g,7 9 9 10 9 7 ,51.0,51,2,2,0,
11,4,42,75g,93,115gH,7 7 6 7 7 6 ,36.0,40,2,2,1,
12,4,16g,17g,24g,81g,10 9 9 9 9 10 ,56.0,56,4,0,0,
13,4,3g,5g,59,76,9 9 10 10 10 6 ,52.0,54,2,2,0,
14,4,10g,53g,85g,123gH,10 8 8 7 8 8 ,49.0,49,4,0,1,
15,4,4g,15g,56,70,10 6 8 10 10 7 ,49.0,51,2,2,0,
16,4,72g,77g,86,112,6 7 7 7 6 7 ,36.0,40,2,2,0,
17,4,25g,30g,39,94,9 10 10 9 6 10 ,52.0,54,2,2,0,
18,4,21,22,48,122H,6 7 6 9 9 7 ,40.0,44,0,4,1,
19,4,28,65,107,109,8 7 10 10 10 6 ,49.0,51,0,4,0,
20,4,9g,40,49,90g,9 10 9 9 7 9 ,53.0,53,2,2,0,
21,4,58,60g,87g,114H,10 6 7 6 9 8 ,42.0,46,2,2,1,
22,4,26g,32,62g,96,9 10 10 10 10 10 ,59.0,59,2,2,0,
23,4,6,12,19,124H,6 8 6 8 7 7 ,38.0,42,0,4,1,
24,4,34g,43g,71g,98g,8 6 6 7 8 6 ,35.0,41,4,0,0,
25,4,91g,101g,102,119H,7 9 10 8 8 9 ,51.0,51,2,2,1,
26,4,0,69g,82,117gH,9 6 6 6 9 6 ,34.0,42,2,2,1,
27,4,27g,84g,104g,125gH,7 7 6 9 7 9 ,43.0,45,4,0,1,
28,4,2,29g,35g,74,7 7 6 6 10 8 ,40.0,44,2,2,0,
29,4,1,44g,57,118gH,8 9 10 9 7 8 ,51.0,51,2,2,1,
30,4,33,55,80,108,10 9 9 9 9 6 ,50.0,52,0,4,0,
31,4,8,37g,38g,92,10 7 10 10 9 7 ,53.0,53,2,2,0,
Total Value = 1478.0
Minimum Compatibility = 6
Total Compatibility = 1546
24/10/25 18:04:31
-----
data.txt
0,4,5g,59,64,90g,10 9 6 9 6 6 ,40.0,46,2,2,0,
1,4,24g,42,61g,108,7 9 9 6 7 10 ,46.0,48,2,2,0,
2,4,9g,40,80,104g,9 9 8 6 6 10 ,44.0,48,2,2,0,
3,4,44g,57,102,125gH,9 8 9 8 7 8 ,49.0,49,2,2,1,
4,4,4g,6,15g,79,7 10 10 9 10 10 ,56.0,56,2,2,0,
5,4,10g,53g,56,119H,10 9 9 10 8 6 ,50.0,52,2,2,1,
6,4,18,50,65,82,10 6 10 6 10 10 ,48.0,52,0,4,0,
7,4,22,58,93,116H,10 8 7 6 7 9 ,45.0,47,0,4,1,
8,4,83,87g,91g,114H,6 9 7 9 8 10 ,47.0,49,2,2,1,
9,4,12,63,99g,127gH,9 6 7 10 7 7 ,44.0,46,2,2,1,
10,4,31g,32,34g,126H,10 8 10 9 7 7 ,51.0,51,2,2,1,
11,4,28,71g,75g,92,6 10 9 8 10 7 ,48.0,50,2,2,0,
12,4,27g,46,60g,122H,8 6 6 9 9 9 ,43.0,47,2,2,1,
13,4,66g,107,111g,124H,10 8 6 6 8 7 ,41.0,45,2,2,1,
14,4,8,37g,45,67g,10 6 10 8 9 9 ,50.0,52,2,2,0,
15,4,19,41g,73,121gH,6 6 7 10 9 7 ,41.0,45,2,2,1,
16,4,2,7g,21,115gH,10 6 6 6 6 6 ,30.0,40,2,2,1,
17,4,14,23g,38g,103,7 7 6 7 6 7 ,36.0,40,2,2,0,
18,4,33,55,81g,98g,10 9 6 9 10 9 ,51.0,53,2,2,0,
19,4,11,13g,68g,120H,10 9 7 7 9 7 ,49.0,49,2,2,1,
20,4,20g,43g,105,109,10 7 7 7 8 7 ,46.0,46,2,2,0,
21,4,1,52,84g,123gH,8 8 8 8 8 10 ,50.0,50,2,2,1,
22,4,3g,47g,89g,118gH,10 7 10 6 9 8 ,48.0,50,4,0,1,
23,4,76,96,101g,106g,8 7 8 9 10 10 ,52.0,52,2,2,0,
24,4,16g,17g,88,97,10 9 9 9 9 9 ,55.0,55,2,2,0,
25,4,54,78g,110,117gH,7 10 6 10 10 9 ,50.0,52,2,2,1,
26,4,29g,35g,70,74,6 10 10 8 8 6 ,44.0,48,2,2,0,
27,4,26g,62g,95,112,10 8 10 10 7 6 ,49.0,51,2,2,0,
28,4,49,51g,72g,100,8 7 9 8 8 7 ,47.0,47,2,2,0,
29,4,25g,30g,39,94,9 10 10 9 6 10 ,52.0,54,2,2,0,
30,4,48,77g,85g,86,6 7 9 6 7 8 ,39.0,43,2,2,0,
31,4,0,36,69g,113gH,6 9 6 6 10 6 ,35.0,43,2,2,1,
Total Value = 1476.0
Minimum Compatibility = 6
Total Compatibility = 1556
24/10/25 18:09:32
-----
data.txt
0,4,26g,53g,101g,123gH,7 6 6 7 8 10 ,40.0,44,4,0,1,
1,4,83,88,95,97,9 9 10 10 9 10 ,57.0,57,0,4,0,
2,4,16g,32,90g,105,10 9 10 10 10 7 ,56.0,56,2,2,0,
3,4,12,63,69g,99g,9 10 6 10 10 10 ,53.0,55,2,2,0,
4,4,77g,93,111g,116H,6 6 6 9 9 7 ,37.0,43,2,2,1,
5,4,31g,41g,100,126H,10 6 10 6 7 8 ,43.0,47,2,2,1,
6,4,87g,104g,109,114H,6 8 8 9 10 9 ,48.0,50,2,2,1,
7,4,36,49,61g,115gH,8 7 8 9 9 6 ,45.0,47,2,2,1,
8,4,9g,24g,40,80,7 9 9 6 10 6 ,43.0,47,2,2,0,
9,4,86,89g,102,118gH,10 8 7 8 8 8 ,49.0,49,2,2,1,
10,4,4g,6,15g,79,7 10 10 9 10 10 ,56.0,56,2,2,0,
11,4,50,58,60g,121gH,7 10 6 10 7 9 ,47.0,49,2,2,1,
12,4,29g,74,75g,92,10 7 7 10 10 7 ,51.0,51,2,2,0,
13,4,22,48,112,122H,9 8 9 6 7 7 ,44.0,46,0,4,1,
14,4,1,44g,57,85g,8 9 8 9 10 10 ,54.0,54,2,2,0,
15,4,18,54,65,82,8 6 10 8 8 10 ,48.0,50,0,4,0,
16,4,2,7g,35g,52,10 7 6 6 8 6 ,37.0,43,2,2,0,
17,4,42,62g,108,127gH,7 7 7 8 7 6 ,40.0,42,2,2,1,
18,4,68g,78g,84g,125gH,10 7 6 10 6 7 ,42.0,46,4,0,1,
19,4,21,51g,72g,124H,6 7 9 8 7 8 ,43.0,45,2,2,1,
20,4,46,67g,76,91g,7 7 8 10 7 8 ,47.0,47,2,2,0,
21,4,25g,39,71g,94,10 7 10 7 10 6 ,48.0,50,2,2,0,
22,4,0,5g,27g,59,10 6 10 10 10 6 ,48.0,52,2,2,0,
23,4,11,13g,20g,120H,10 8 7 8 9 7 ,49.0,49,2,2,1,
24,4,34g,66g,73,107,6 7 9 7 10 7 ,44.0,46,2,2,0,
25,4,14,23g,38g,103,7 7 6 7 6 7 ,36.0,40,2,2,0,
26,4,17g,43g,81g,98g,7 9 6 7 8 9 ,44.0,46,4,0,0,
27,4,8,28,70,96,10 7 8 10 6 7 ,46.0,48,0,4,0,
28,4,3g,37g,45,119H,9 9 8 8 8 7 ,49.0,49,2,2,1,
29,4,30g,47g,106g,113gH,8 7 8 6 7 10 ,44.0,46,4,0,1,
30,4,19,33,55,64,6 6 7 10 7 9 ,41.0,45,0,4,0,
31,4,10g,56,110,117gH,9 9 9 7 10 9 ,53.0,53,2,2,1,
Total Value = 1482.0
Minimum Compatibility = 6
Total Compatibility = 1548
24/10/25 18:14:33
-----
data.txt
0,4,6,11,35g,99g,7 7 8 7 7 9 ,45.0,45,2,2,0,
1,4,44g,67g,85g,123gH,10 10 8 7 8 8 ,51.0,51,4,0,1,
2,4,14,23g,38g,103,7 7 6 7 6 7 ,36.0,40,2,2,0,
3,4,77g,86,101g,112,7 7 6 7 7 7 ,39.0,41,2,2,0,
4,4,90g,93,111g,114H,10 9 7 9 9 6 ,48.0,50,2,2,1,
5,4,17g,61g,88,97,7 9 9 9 6 9 ,47.0,49,2,2,0,
6,4,19,34g,55,121gH,6 6 7 10 7 7 ,39.0,43,2,2,1,
7,4,54,57,110,120H,8 10 7 9 9 7 ,50.0,50,0,4,1,
8,4,13g,42,106g,126H,9 9 8 6 9 7 ,46.0,48,2,2,1,
9,4,26g,62g,73,124H,10 8 9 9 10 6 ,50.0,52,2,2,1,
10,4,21,22,48,108,6 7 9 9 7 7 ,43.0,45,0,4,0,
11,4,43g,66g,105,107,6 7 6 7 10 8 ,40.0,44,2,2,0,
12,4,9g,83,95,113gH,6 9 9 9 7 7 ,45.0,47,2,2,1,
13,4,12,31g,63,127gH,10 9 7 7 7 7 ,47.0,47,2,2,1,
14,4,8,45,50,92,6 8 10 8 10 9 ,49.0,51,0,4,0,
15,4,2,7g,40,125gH,10 6 6 6 7 8 ,37.0,43,2,2,1,
16,4,49,51g,72g,100,8 7 9 8 8 7 ,47.0,47,2,2,0,
17,4,1,52,84g,118gH,8 8 10 8 8 7 ,49.0,49,2,2,1,
18,4,24g,33,80,81g,9 10 10 9 9 6 ,51.0,53,2,2,0,
19,4,28,37g,75g,109,10 10 10 8 10 7 ,55.0,55,2,2,0,
20,4,10g,89g,102,119H,8 10 9 8 9 9 ,53.0,53,2,2,1,
21,4,4g,15g,18,79,10 7 10 9 10 10 ,56.0,56,2,2,0,
22,4,25g,30g,39,94,9 10 10 9 6 10 ,52.0,54,2,2,0,
23,4,16g,32,41g,96,10 10 10 10 10 9 ,59.0,59,2,2,0,
24,4,46,58,60g,115gH,8 9 7 10 10 9 ,53.0,53,2,2,1,
25,4,0,27g,59,98g,6 10 6 6 6 6 ,30.0,40,2,2,0,
26,4,3g,5g,76,122H,9 10 7 10 6 6 ,44.0,48,2,2,1,
27,4,20g,53g,56,74,7 7 8 10 9 9 ,50.0,50,2,2,0,
28,4,82,91g,104g,116H,7 9 6 10 8 9 ,47.0,49,2,2,1,
29,4,64,65,71g,87g,6 7 10 8 10 7 ,46.0,48,2,2,0,
30,4,68g,69g,78g,117gH,9 10 10 9 9 10 ,57.0,57,4,0,1,
31,4,29g,36,47g,70,8 7 10 7 7 7 ,46.0,46,2,2,0,
Total Value = 1507.0
Minimum Compatibility = 6
Total Compatibility = 1563
24/10/25 18:19:33
-----
data.txt
0,4,20g,62g,75g,115gH,8 8 6 7 9 7 ,43.0,45,4,0,1,
1,4,65,82,87g,91g,10 10 7 9 7 9 ,52.0,52,2,2,0,
2,4,54,67g,101g,120H,10 9 7 6 10 8 ,48.0,50,2,2,1,
3,4,8,13g,28,37g,10 10 10 10 10 10 ,60.0,60,2,2,0,
4,4,86,89g,102,125gH,10 8 7 8 7 8 ,48.0,48,2,2,1,
5,4,24g,30g,83,97,7 9 10 10 6 10 ,50.0,52,2,2,0,
6,4,19,58,60g,121gH,6 7 7 10 7 9 ,44.0,46,2,2,1,
7,4,61g,78g,104g,113gH,6 10 10 7 10 10 ,51.0,53,4,0,1,
8,4,34g,66g,98g,127gH,6 6 6 6 6 6 ,24.0,36,4,0,1,
9,4,1,46,84g,118gH,6 8 10 7 9 7 ,45.0,47,2,2,1,
10,4,9g,77g,108,126H,7 7 8 6 6 8 ,38.0,42,2,2,1,
11,4,26g,51g,112,122H,7 10 6 6 10 7 ,42.0,46,2,2,1,
12,4,12,63,69g,99g,9 10 6 10 10 10 ,53.0,55,2,2,0,
13,4,6,11,93,116H,7 9 6 7 8 9 ,44.0,46,0,4,1,
14,4,21,72g,106g,124H,7 6 9 7 8 6 ,39.0,43,2,2,1,
15,4,0,5g,27g,59,10 6 10 10 10 6 ,48.0,52,2,2,0,
16,4,14,23g,38g,96,7 7 7 7 6 8 ,40.0,42,2,2,0,
17,4,42,48,71g,90g,7 6 6 6 10 6 ,33.0,41,2,2,0,
18,4,17g,55,80,81g,10 9 9 9 9 6 ,50.0,52,2,2,0,
19,4,3g,45,111g,114H,9 10 7 9 10 6 ,49.0,51,2,2,1,
20,4,10g,53g,56,119H,10 9 9 10 8 6 ,50.0,52,2,2,1,
21,4,31g,43g,49,100,10 8 6 7 7 9 ,45.0,47,2,2,0,
22,4,25g,47g,103,109,7 10 10 7 8 7 ,49.0,49,2,2,0,
23,4,16g,32,41g,73,10 10 9 10 9 10 ,58.0,58,2,2,0,
24,4,68g,70,110,117gH,10 9 10 8 10 9 ,56.0,56,2,2,1,
25,4,36,40,79,95,8 7 7 6 8 7 ,41.0,43,0,4,0,
26,4,7g,52,76,123gH,8 7 7 7 8 9 ,46.0,46,2,2,1,
27,4,4g,15g,74,92,10 9 9 8 7 10 ,53.0,53,2,2,0,
28,4,2,22,29g,35g,6 7 7 8 6 6 ,34.0,40,2,2,0,
29,4,44g,57,85g,88,9 10 9 10 7 6 ,49.0,51,2,2,0,
30,4,39,94,105,107,10 7 6 7 6 8 ,40.0,44,0,4,0,
31,4,18,33,50,64,6 10 6 7 7 7 ,39.0,43,0,4,0,
Total Value = 1461.0
Minimum Compatibility = 6
Total Compatibility = 1541
24/10/25 18:24:34
-----
data.txt
0,4,20g,31g,105,107,7 7 10 10 10 8 ,52.0,52,2,2,0,
1,4,68g,69g,78g,117gH,9 10 10 9 9 10 ,57.0,57,4,0,1,
2,4,46,56,110,122H,7 10 9 7 7 9 ,49.0,49,0,4,1,
3,4,29g,36,70,106g,8 10 7 7 6 7 ,43.0,45,2,2,0,
4,4,34g,64,87g,109,7 7 6 10 7 8 ,43.0,45,2,2,0,
5,4,65,93,112,114H,7 9 9 6 9 9 ,47.0,49,0,4,1,
6,4,40,53g,67g,120H,6 8 7 7 10 10 ,46.0,48,2,2,1,
7,4,8,13g,28,37g,10 10 10 10 10 10 ,60.0,60,2,2,0,
8,4,25g,30g,39,94,9 10 10 9 6 10 ,52.0,54,2,2,0,
9,4,89g,91g,102,119H,6 8 9 9 10 9 ,49.0,51,2,2,1,
10,4,21,22,48,58,6 7 6 9 10 7 ,41.0,45,0,4,0,
11,4,17g,33,55,81g,10 10 9 10 9 9 ,57.0,57,2,2,0,
12,4,49,51g,72g,100,8 7 9 8 8 7 ,47.0,47,2,2,0,
13,4,4g,27g,60g,118gH,6 7 8 6 6 7 ,34.0,40,4,0,1,
14,4,12,16g,19,127gH,6 8 7 6 8 8 ,39.0,43,2,2,1,
15,4,5g,45,59,111g,7 10 8 8 9 7 ,49.0,49,2,2,0,
16,4,2,24g,71g,80,6 9 6 6 10 7 ,38.0,44,2,2,0,
17,4,32,62g,98g,124H,10 9 7 10 10 6 ,50.0,52,2,2,1,
18,4,66g,73,103,121gH,7 7 7 7 7 7 ,42.0,42,2,2,1,
19,4,38g,74,82,104g,7 7 7 9 10 9 ,49.0,49,2,2,0,
20,4,1,10g,52,84g,10 8 8 9 10 8 ,53.0,53,2,2,0,
21,4,23g,41g,47g,90g,6 8 6 9 10 6 ,39.0,45,4,0,0,
22,4,76,96,101g,125gH,8 7 7 9 7 8 ,46.0,46,2,2,1,
23,4,14,18,50,116H,7 7 6 10 7 10 ,45.0,47,0,4,1,
24,4,6,11,35g,99g,7 7 8 7 7 9 ,45.0,45,2,2,0,
25,4,3g,43g,92,108,9 7 10 7 7 6 ,44.0,46,2,2,0,
26,4,15g,42,77g,79,7 6 10 7 7 6 ,39.0,43,2,2,0,
27,4,9g,83,95,113gH,6 9 9 9 7 7 ,45.0,47,2,2,1,
28,4,63,75g,97,115gH,7 7 6 9 7 6 ,38.0,42,2,2,1,
29,4,0,44g,61g,88,7 6 8 9 9 9 ,46.0,48,2,2,0,
30,4,54,85g,86,123gH,7 8 8 8 8 10 ,49.0,49,2,2,1,
31,4,7g,26g,57,126H,6 7 6 6 7 7 ,33.0,39,2,2,1,
Total Value = 1466.0
Minimum Compatibility = 6
Total Compatibility = 1528
24/10/25 18:29:34
-----
data.txt
0,4,16g,55,90g,108,10 9 9 8 9 7 ,52.0,52,2,2,0,
1,4,65,93,107,116H,7 10 7 7 9 9 ,49.0,49,0,4,1,
2,4,52,76,101g,123gH,7 7 8 7 9 10 ,48.0,48,2,2,1,
3,4,89g,91g,102,119H,6 8 9 9 10 9 ,49.0,51,2,2,1,
4,4,61g,68g,104g,113gH,8 10 10 9 10 10 ,57.0,57,4,0,1,
5,4,53g,54,67g,120H,7 7 10 10 7 10 ,51.0,51,2,2,1,
6,4,11,56,78g,84g,8 6 7 6 8 10 ,41.0,45,2,2,0,
7,4,8,28,70,92,10 7 10 10 9 10 ,56.0,56,0,4,0,
8,4,40,96,106g,125gH,7 6 8 10 7 8 ,44.0,46,2,2,1,
9,4,21,22,48,58,6 7 6 9 10 7 ,41.0,45,0,4,0,
10,4,31g,32,43g,105,10 10 10 6 10 7 ,51.0,53,2,2,0,
11,4,34g,37g,62g,98g,8 9 6 8 8 10 ,47.0,49,4,0,0,
12,4,1,44g,57,85g,8 9 8 9 10 10 ,54.0,54,2,2,0,
13,4,19,25g,30g,94,6 10 10 9 10 6 ,47.0,51,2,2,0,
14,4,49,51g,72g,100,8 7 9 8 8 7 ,47.0,47,2,2,0,
15,4,47g,87g,97,109,7 6 8 9 8 7 ,43.0,45,2,2,0,
16,4,39,42,77g,127gH,7 6 7 7 7 6 ,36.0,40,2,2,1,
17,4,66g,73,103,121gH,7 7 7 7 7 7 ,42.0,42,2,2,1,
18,4,12,41g,63,99g,10 9 6 6 7 10 ,44.0,48,2,2,0,
19,4,86,88,112,122H,9 7 10 6 7 7 ,44.0,46,0,4,1,
20,4,5g,27g,69g,117gH,10 9 6 9 6 9 ,45.0,49,4,0,1,
21,4,2,29g,35g,36,7 7 6 6 8 7 ,37.0,41,2,2,0,
22,4,17g,33,80,81g,10 9 9 9 9 6 ,50.0,52,2,2,0,
23,4,14,23g,38g,124H,7 7 6 7 7 7 ,39.0,41,2,2,1,
24,4,3g,45,59,111g,9 9 10 8 9 7 ,52.0,52,2,2,0,
25,4,10g,46,110,118gH,6 9 6 10 9 8 ,44.0,48,2,2,1,
26,4,4g,6,15g,79,7 10 10 9 10 10 ,56.0,56,2,2,0,
27,4,9g,26g,95,126H,9 9 8 8 7 8 ,49.0,49,2,2,1,
28,4,18,74,82,114H,9 10 8 9 10 6 ,50.0,52,0,4,1,
29,4,13g,20g,50,64,8 9 8 8 6 7 ,44.0,46,2,2,0,
30,4,60g,71g,75g,115gH,7 6 9 8 6 7 ,39.0,43,4,0,1,
31,4,0,7g,24g,83,6 8 7 6 6 9 ,36.0,42,2,2,0,
Total Value = 1484.0
Minimum Compatibility = 6
Total Compatibility = 1546
24/10/25 18:34:34
-----
data.txt
0,4,14,23g,38g,124H,7 7 6 7 7 7 ,39.0,41,2,2,1,
1,4,8,37g,41g,96,10 7 8 7 7 9 ,48.0,48,2,2,0,
2,4,54,57,102,110,8 8 10 8 9 8 ,51.0,51,0,4,0,
3,4,19,24g,30g,108,9 10 6 7 9 7 ,46.0,48,2,2,0,
4,4,31g,43g,105,107,10 10 10 7 6 8 ,49.0,51,2,2,0,
5,4,4g,15g,18,82,10 7 7 9 9 10 ,52.0,52,2,2,0,
6,4,1,44g,52,118gH,8 8 10 7 7 8 ,48.0,48,2,2,1,
7,4,2,22,71g,115gH,6 9 6 6 7 6 ,32.0,40,2,2,1,
8,4,63,78g,92,117gH,8 8 8 6 10 10 ,48.0,50,2,2,1,
9,4,34g,62g,90g,98g,9 6 6 10 10 6 ,41.0,47,4,0,0,
10,4,25g,39,75g,94,10 8 10 7 10 6 ,49.0,51,2,2,0,
11,4,66g,73,103,121gH,7 7 7 7 7 7 ,42.0,42,2,2,1,
12,4,7g,85g,86,122H,7 7 6 8 7 10 ,43.0,45,2,2,1,
13,4,65,74,109,114H,9 10 9 10 10 9 ,57.0,57,0,4,1,
14,4,5g,27g,46,120H,10 7 6 8 6 7 ,40.0,44,2,2,1,
15,4,28,55,64,93,7 6 7 9 7 6 ,38.0,42,0,4,0,
16,4,67g,76,106g,112,10 8 7 8 6 6 ,41.0,45,2,2,0,
17,4,13g,50,60g,116H,9 8 7 10 10 8 ,52.0,52,2,2,1,
18,4,16g,17g,33,88,10 10 9 10 9 9 ,57.0,57,2,2,0,
19,4,0,45,59,119H,8 10 9 8 7 8 ,50.0,50,0,4,1,
20,4,10g,53g,84g,123gH,10 10 8 9 8 10 ,55.0,55,4,0,1,
21,4,40,56,61g,113gH,7 10 10 6 7 10 ,48.0,50,2,2,1,
22,4,11,29g,36,68g,9 7 9 8 8 7 ,48.0,48,2,2,0,
23,4,12,47g,69g,95,6 10 9 8 9 6 ,44.0,48,2,2,0,
24,4,3g,89g,111g,125gH,7 10 6 7 7 6 ,39.0,43,4,0,1,
25,4,9g,26g,32,80,9 7 9 9 9 9 ,52.0,52,2,2,0,
26,4,6,35g,58,99g,7 6 8 7 9 7 ,42.0,44,2,2,0,
27,4,21,48,77g,127gH,7 6 6 6 6 6 ,27.0,37,2,2,1,
28,4,49,51g,72g,100,8 7 9 8 8 7 ,47.0,47,2,2,0,
29,4,83,87g,91g,97,6 9 10 9 9 9 ,50.0,52,2,2,0,
30,4,20g,42,101g,126H,6 7 10 7 9 6 ,41.0,45,2,2,1,
31,4,70,79,81g,104g,7 9 7 6 7 9 ,43.0,45,2,2,0,
Total Value = 1459.0
Minimum Compatibility = 6
Total Compatibility = 1527
24/10/25 18:39:35
-----
data.txt
0,4,2,7g,40,117gH,10 6 6 6 7 6 ,33.0,41,2,2,1,
1,4,3g,35g,36,122H,9 6 7 7 7 7 ,41.0,43,2,2,1,
2,4,74,91g,104g,114H,8 10 10 10 10 10 ,58.0,58,2,2,1,
3,4,21,24g,108,111g,7 9 6 9 6 6 ,37.0,43,2,2,0,
4,4,9g,26g,62g,113gH,9 9 9 10 9 7 ,53.0,53,4,0,1,
5,4,19,41g,73,121gH,6 6 7 10 9 7 ,41.0,45,2,2,1,
6,4,27g,53g,84g,123gH,6 7 6 9 8 10 ,42.0,46,4,0,1,
7,4,0,77g,78g,80,8 6 7 7 6 6 ,34.0,40,2,2,0,
8,4,64,65,71g,87g,6 7 10 8 10 7 ,46.0,48,2,2,0,
9,4,25g,30g,39,94,9 10 10 9 6 10 ,52.0,54,2,2,0,
10,4,11,29g,68g,70,9 9 8 8 10 10 ,54.0,54,2,2,0,
11,4,10g,89g,102,119H,8 10 9 8 9 9 ,53.0,53,2,2,1,
12,4,14,18,50,82,7 7 7 10 10 10 ,51.0,51,0,4,0,
13,4,16g,31g,97,105,10 9 10 9 10 8 ,56.0,56,2,2,0,
14,4,5g,45,59,67g,7 10 9 8 9 9 ,52.0,52,2,2,0,
15,4,8,92,95,116H,10 8 8 6 7 7 ,44.0,46,0,4,1,
16,4,28,37g,75g,109,10 10 10 8 10 7 ,55.0,55,2,2,0,
17,4,13g,42,101g,126H,9 9 8 7 9 6 ,46.0,48,2,2,1,
18,4,32,90g,103,127gH,10 7 6 6 7 8 ,40.0,44,2,2,1,
19,4,6,83,93,124H,7 9 6 6 7 6 ,35.0,41,0,4,1,
20,4,34g,55,66g,107,10 6 9 6 8 10 ,45.0,49,2,2,0,
21,4,17g,33,61g,88,10 7 9 6 9 9 ,48.0,50,2,2,0,
22,4,76,96,106g,125gH,8 8 7 10 7 8 ,48.0,48,2,2,1,
23,4,12,63,69g,99g,9 10 6 10 10 10 ,53.0,55,2,2,0,
24,4,20g,43g,81g,118gH,10 6 7 7 6 8 ,40.0,44,4,0,1,
25,4,1,44g,57,85g,8 9 8 9 10 10 ,54.0,54,2,2,0,
26,4,4g,15g,56,79,10 6 10 10 10 10 ,54.0,56,2,2,0,
27,4,49,51g,72g,100,8 7 9 8 8 7 ,47.0,47,2,2,0,
28,4,48,52,86,112,7 9 6 8 7 7 ,42.0,44,0,4,0,
29,4,46,54,110,120H,9 10 7 10 7 7 ,50.0,50,0,4,1,
30,4,23g,38g,47g,98g,7 8 6 7 7 6 ,37.0,41,4,0,0,
31,4,22,58,60g,115gH,10 9 7 10 10 9 ,55.0,55,2,2,1,
Total Value = 1496.0
Minimum Compatibility = 6
Total Compatibility = 1564
24/10/25 18:44:35
-----
data.txt
0,4,3g,26g,46,126H,8 7 9 6 7 8 ,43.0,45,2,2,1,
1,4,57,84g,110,118gH,8 9 8 7 7 8 ,47.0,47,2,2,1,
2,4,55,81g,98g,109,9 10 8 9 7 6 ,47.0,49,2,2,0,
3,4,12,19,34g,127gH,8 8 7 6 8 6 ,39.0,43,2,2,1,
4,4,35g,58,63,99g,7 8 9 6 7 10 ,45.0,47,2,2,0,
5,4,15g,18,20g,74,9 8 8 6 9 8 ,46.0,48,2,2,0,
6,4,65,105,107,116H,10 10 7 8 9 9 ,53.0,53,0,4,1,
7,4,53g,76,86,123gH,7 7 8 8 9 10 ,49.0,49,2,2,1,
8,4,17g,24g,33,119H,9 10 8 9 9 8 ,53.0,53,2,2,1,
9,4,38g,82,87g,94,7 6 6 9 6 7 ,35.0,41,2,2,0,
10,4,14,23g,47g,50,7 6 7 8 8 8 ,42.0,44,2,2,0,
11,4,83,88,97,114H,9 10 7 9 8 8 ,51.0,51,0,4,1,
12,4,25g,30g,39,103,9 10 10 9 10 6 ,52.0,54,2,2,0,
13,4,48,62g,90g,108,7 10 7 10 8 7 ,49.0,49,2,2,0,
14,4,16g,32,41g,96,10 10 10 10 10 9 ,59.0,59,2,2,0,
15,4,31g,43g,49,100,10 8 6 7 7 9 ,45.0,47,2,2,0,
16,4,22,51g,60g,122H,7 9 9 9 10 9 ,53.0,53,2,2,1,
17,4,1,10g,52,85g,10 8 8 9 8 7 ,50.0,50,2,2,0,
18,4,45,59,64,80,8 6 7 9 7 7 ,42.0,44,0,4,0,
19,4,13g,54,67g,120H,9 10 9 10 7 10 ,55.0,55,2,2,1,
20,4,0,5g,27g,40,10 6 7 10 6 7 ,42.0,46,2,2,0,
21,4,2,93,111g,115gH,7 6 6 9 6 6 ,32.0,40,2,2,1,
22,4,8,21,77g,91g,6 8 7 6 6 6 ,31.0,39,2,2,0,
23,4,6,28,29g,75g,10 10 6 7 10 7 ,48.0,50,2,2,0,
24,4,37g,42,71g,92,6 6 9 6 8 10 ,39.0,45,2,2,0,
25,4,68g,69g,78g,117gH,9 10 10 9 9 10 ,57.0,57,4,0,1,
26,4,9g,61g,104g,113gH,6 8 9 10 10 10 ,51.0,53,4,0,1,
27,4,36,56,79,95,6 7 7 10 7 7 ,42.0,44,0,4,0,
28,4,7g,89g,102,112,7 8 7 8 6 6 ,38.0,42,2,2,0,
29,4,66g,73,121gH,124H,7 7 6 7 6 6 ,33.0,39,2,2,2,
30,4,4g,11,70,72g,8 8 6 8 7 6 ,39.0,43,2,2,0,
31,4,44g,101g,106g,125gH,7 7 9 10 8 8 ,49.0,49,4,0,1,
Total Value = 1456.0
Minimum Compatibility = 6
Total Compatibility = 1528
24/10/25 18:49:35
-----
data.txt
0,4,25g,39,81g,94,10 6 10 6 10 6 ,42.0,48,2,2,0,
1,4,14,32,37g,98g,7 8 6 7 9 8 ,43.0,45,2,2,0,
2,4,16g,33,44g,119H,10 8 8 8 8 10 ,52.0,52,2,2,1,
3,4,55,66g,73,127gH,6 10 8 7 6 6 ,37.0,43,2,2,1,
4,4,13g,42,101g,126H,9 9 8 7 9 6 ,46.0,48,2,2,1,
5,4,65,105,107,116H,10 10 7 8 9 9 ,53.0,53,0,4,1,
6,4,22,48,103,108,9 6 7 6 7 9 ,40.0,44,0,4,0,
7,4,83,88,95,97,9 9 10 10 9 10 ,57.0,57,0,4,0,
8,4,4g,15g,56,79,10 6 10 10 10 10 ,54.0,56,2,2,0,
9,4,3g,20g,43g,99g,7 9 8 10 6 6 ,42.0,46,4,0,0,
10,4,6,11,28,93,7 10 9 10 7 7 ,50.0,50,0,4,0,
11,4,54,89g,102,118gH,10 8 7 8 8 8 ,49.0,49,2,2,1,
12,4,29g,36,51g,58,8 6 6 10 6 10 ,40.0,46,2,2,0,
13,4,71g,74,75g,92,8 8 10 10 10 7 ,53.0,53,2,2,0,
14,4,12,19,63,124H,8 9 7 8 7 6 ,43.0,45,0,4,1,
15,4,70,96,104g,106g,7 7 7 10 10 9 ,50.0,50,2,2,0,
16,4,8,18,50,82,7 8 7 10 10 10 ,52.0,52,0,4,0,
17,4,68g,69g,78g,117gH,9 10 10 9 9 10 ,57.0,57,4,0,1,
18,4,31g,49,72g,100,8 6 6 7 9 7 ,39.0,43,2,2,0,
19,4,30g,47g,61g,113gH,8 8 8 9 7 10 ,50.0,50,4,0,1,
20,4,0,5g,27g,59,10 6 10 10 10 6 ,48.0,52,2,2,0,
21,4,9g,77g,111g,115gH,7 6 7 6 6 6 ,30.0,38,4,0,1,
22,4,84g,91g,112,114H,10 8 6 8 10 9 ,49.0,51,2,2,1,
23,4,45,53g,80,123gH,6 7 8 6 8 7 ,38.0,42,2,2,1,
24,4,1,10g,52,85g,10 8 8 9 8 7 ,50.0,50,2,2,0,
25,4,26g,60g,86,122H,6 6 6 8 9 10 ,39.0,45,2,2,1,
26,4,17g,23g,24g,38g,6 9 7 7 7 6 ,38.0,42,4,0,0,
27,4,34g,64,87g,109,7 7 6 10 7 8 ,43.0,45,2,2,0,
28,4,40,67g,76,125gH,8 6 8 10 8 7 ,45.0,47,2,2,1,
29,4,2,7g,21,35g,10 6 7 6 6 7 ,36.0,42,2,2,0,
30,4,46,57,110,120H,6 10 7 9 9 7 ,46.0,48,0,4,1,
31,4,41g,62g,90g,121gH,9 10 9 10 7 7 ,52.0,52,4,0,1,
Total Value = 1463.0
Minimum Compatibility = 6
Total Compatibility = 1541
24/10/25 18:54:36
-----
data.txt
0,4,3g,15g,22,108,8 7 10 7 7 7 ,46.0,46,2,2,0,
1,4,1,52,85g,123gH,8 8 8 7 8 8 ,47.0,47,2,2,1,
2,4,12,63,69g,98g,9 10 7 10 6 6 ,44.0,48,2,2,0,
3,4,76,96,101g,106g,8 7 8 9 10 10 ,52.0,52,2,2,0,
4,4,16g,17g,24g,81g,10 9 9 9 9 10 ,56.0,56,4,0,0,
5,4,8,14,50,82,6 8 7 7 7 10 ,43.0,45,0,4,0,
6,4,34g,65,91g,107,6 6 9 7 10 7 ,41.0,45,2,2,0,
7,4,26g,44g,48,112,6 10 10 7 7 6 ,42.0,46,2,2,0,
8,4,61g,78g,104g,113gH,6 10 10 7 10 10 ,51.0,53,4,0,1,
9,4,10g,84g,89g,125gH,10 8 8 8 7 7 ,48.0,48,4,0,1,
10,4,33,64,87g,127gH,7 6 8 10 6 6 ,37.0,43,2,2,1,
11,4,7g,51g,86,122H,7 7 6 7 10 10 ,45.0,47,2,2,1,
12,4,57,102,110,119H,8 9 8 8 9 7 ,49.0,49,0,4,1,
13,4,66g,73,103,121gH,7 7 7 7 7 7 ,42.0,42,2,2,1,
14,4,56,68g,70,117gH,6 7 10 10 10 10 ,51.0,53,2,2,1,
15,4,2,21,72g,111g,6 7 6 7 6 8 ,34.0,40,2,2,0,
16,4,0,45,59,80,8 10 7 8 7 7 ,47.0,47,0,4,0,
17,4,20g,42,77g,126H,6 6 10 7 9 6 ,38.0,44,2,2,1,
18,4,6,35g,36,99g,7 6 8 7 9 6 ,39.0,43,2,2,0,
19,4,19,83,88,97,6 8 6 9 10 9 ,44.0,48,0,4,0,
20,4,25g,39,71g,94,10 7 10 7 10 6 ,48.0,50,2,2,0,
21,4,32,41g,62g,95,10 10 10 9 9 10 ,58.0,58,2,2,0,
22,4,9g,55,90g,105,8 9 9 8 7 7 ,48.0,48,2,2,0,
23,4,28,37g,75g,109,10 10 10 8 10 7 ,55.0,55,2,2,0,
24,4,23g,38g,40,124H,7 6 7 6 7 7 ,36.0,40,2,2,1,
25,4,4g,18,29g,74,7 7 9 6 9 10 ,46.0,48,2,2,0,
26,4,53g,54,67g,120H,7 7 10 10 7 10 ,51.0,51,2,2,1,
27,4,30g,47g,79,116H,8 8 7 8 7 8 ,46.0,46,2,2,1,
28,4,11,13g,92,118gH,10 10 7 10 9 9 ,55.0,55,2,2,1,
29,4,31g,43g,49,100,10 8 6 7 7 9 ,45.0,47,2,2,0,
30,4,5g,27g,46,114H,10 7 6 8 10 7 ,46.0,48,2,2,1,
31,4,58,60g,93,115gH,10 6 10 8 9 6 ,45.0,49,2,2,1,
Total Value = 1475.0
Minimum Compatibility = 6
Total Compatibility = 1537
24/10/25 18:59:37
-----
data.txt
0,4,14,23g,38g,103,7 7 6 7 6 7 ,36.0,40,2,2,0,
1,4,8,50,92,124H,8 10 8 9 9 7 ,51.0,51,0,4,1,
2,4,10g,89g,102,119H,8 10 9 8 9 9 ,53.0,53,2,2,1,
3,4,83,87g,91g,114H,6 9 7 9 8 10 ,47.0,49,2,2,1,
4,4,29g,36,61g,122H,8 8 6 7 7 6 ,38.0,42,2,2,1,
5,4,24g,42,108,125gH,7 9 7 7 6 8 ,42.0,44,2,2,1,
6,4,43g,71g,81g,98g,7 7 8 6 6 9 ,39.0,43,4,0,0,
7,4,16g,17g,88,97,10 9 9 9 9 9 ,55.0,55,2,2,0,
8,4,22,48,112,116H,9 8 7 6 7 8 ,43.0,45,0,4,1,
9,4,66g,105,107,111g,7 10 8 8 9 6 ,46.0,48,2,2,0,
10,4,18,65,74,82,6 9 10 9 10 9 ,51.0,53,0,4,0,
11,4,41g,60g,90g,121gH,6 10 9 7 9 7 ,46.0,48,4,0,1,
12,4,13g,56,70,117gH,10 7 7 7 10 10 ,51.0,51,2,2,1,
13,4,3g,54,76,118gH,10 10 10 7 7 7 ,51.0,51,2,2,1,
14,4,49,51g,72g,100,8 7 9 8 8 7 ,47.0,47,2,2,0,
15,4,63,78g,94,99g,8 7 10 7 9 8 ,49.0,49,2,2,0,
16,4,19,30g,64,127gH,10 7 8 6 6 6 ,37.0,43,2,2,1,
17,4,20g,25g,34g,37g,8 6 8 7 7 8 ,42.0,44,4,0,0,
18,4,68g,104g,106g,113gH,9 7 10 9 10 10 ,55.0,55,4,0,1,
19,4,9g,31g,96,126H,9 8 8 9 10 8 ,52.0,52,2,2,1,
20,4,0,45,59,80,8 10 7 8 7 7 ,47.0,47,0,4,0,
21,4,11,28,77g,101g,10 7 7 7 8 7 ,46.0,46,2,2,0,
22,4,1,44g,57,85g,8 9 8 9 10 10 ,54.0,54,2,2,0,
23,4,2,7g,21,35g,10 6 7 6 6 7 ,36.0,42,2,2,0,
24,4,52,84g,86,123gH,8 8 8 7 10 10 ,51.0,51,2,2,1,
25,4,58,75g,93,115gH,6 6 10 7 7 6 ,36.0,42,2,2,1,
26,4,40,53g,67g,120H,6 8 7 7 10 10 ,46.0,48,2,2,1,
27,4,26g,32,62g,95,9 10 8 10 10 10 ,57.0,57,2,2,0,
28,4,5g,27g,46,110,10 7 7 8 8 10 ,50.0,50,2,2,0,
29,4,39,47g,69g,109,6 8 7 8 8 7 ,42.0,44,2,2,0,
30,4,12,33,55,73,6 9 7 10 9 10 ,49.0,51,0,4,0,
31,4,4g,6,15g,79,7 10 10 9 10 10 ,56.0,56,2,2,0,
Total Value = 1501.0
Minimum Compatibility = 6
Total Compatibility = 1551
24/10/25 19:04:41
-----
data.txt
0,4,91g,104g,109,114H,10 9 10 9 10 9 ,57.0,57,2,2,1,
1,4,13g,42,54,75g,9 9 8 6 7 6 ,41.0,45,2,2,0,
2,4,2,5g,72g,97,6 7 6 7 7 7 ,36.0,40,2,2,0,
3,4,19,24g,25g,94,9 6 10 7 6 10 ,44.0,48,2,2,0,
4,4,9g,26g,40,124H,9 9 7 7 9 7 ,48.0,48,2,2,1,
5,4,67g,76,96,125gH,10 7 8 8 7 7 ,47.0,47,2,2,1,
6,4,70,81g,92,117gH,9 10 10 10 9 10 ,58.0,58,2,2,1,
7,4,14,23g,50,98g,7 7 6 8 6 7 ,37.0,41,2,2,0,
8,4,66g,105,107,111g,7 10 8 8 9 6 ,46.0,48,2,2,0,
9,4,1,52,84g,123gH,8 8 8 8 8 10 ,50.0,50,2,2,1,
10,4,31g,43g,49,100,10 8 6 7 7 9 ,45.0,47,2,2,0,
11,4,17g,33,61g,108,10 7 9 6 9 10 ,49.0,51,2,2,0,
12,4,4g,6,29g,74,7 7 9 10 7 10 ,50.0,50,2,2,0,
13,4,46,58,60g,115gH,8 9 7 10 10 9 ,53.0,53,2,2,1,
14,4,12,63,69g,99g,9 10 6 10 10 10 ,53.0,55,2,2,0,
15,4,28,62g,73,121gH,7 6 6 9 7 7 ,38.0,42,2,2,1,
16,4,39,48,71g,127gH,6 7 7 6 6 7 ,33.0,39,2,2,1,
17,4,3g,15g,30g,47g,8 7 10 7 7 8 ,47.0,47,4,0,0,
18,4,22,93,112,116H,8 8 7 6 9 8 ,44.0,46,0,4,1,
19,4,20g,41g,95,126H,7 7 10 9 7 8 ,48.0,48,2,2,1,
20,4,27g,101g,110,120H,6 8 6 7 8 7 ,38.0,42,2,2,1,
21,4,44g,80,83,106g,10 6 7 7 6 7 ,39.0,43,2,2,0,
22,4,36,51g,56,113gH,10 6 10 7 9 7 ,47.0,49,2,2,1,
23,4,7g,10g,53g,85g,8 8 7 10 8 7 ,48.0,48,4,0,0,
24,4,8,11,37g,38g,8 10 7 8 7 10 ,50.0,50,2,2,0,
25,4,21,57,88,122H,10 6 6 7 6 7 ,36.0,42,0,4,1,
26,4,86,89g,102,118gH,10 8 7 8 8 8 ,49.0,49,2,2,1,
27,4,34g,55,64,87g,10 7 7 9 7 10 ,50.0,50,2,2,0,
28,4,35g,68g,77g,78g,10 6 6 7 10 7 ,42.0,46,4,0,0,
29,4,16g,32,90g,103,10 9 6 10 7 6 ,44.0,48,2,2,0,
30,4,18,65,79,82,6 10 10 8 10 6 ,46.0,50,0,4,0,
31,4,0,45,59,119H,8 10 9 8 7 8 ,50.0,50,0,4,1,
Total Value = 1463.0
Minimum Compatibility = 6
Total Compatibility = 1527
24/10/25 19:09:44
-----
data.txt
0,4,31g,41g,100,126H,10 6 10 6 7 8 ,43.0,47,2,2,1,
1,4,60g,71g,93,114H,7 8 9 7 7 9 ,47.0,47,2,2,1,
2,4,32,62g,90g,105,10 10 10 10 9 7 ,56.0,56,2,2,0,
3,4,20g,52,67g,120H,6 7 7 7 7 10 ,42.0,44,2,2,1,
4,4,5g,46,76,85g,7 10 6 7 7 8 ,43.0,45,2,2,0,
5,4,4g,11,15g,74,8 10 9 8 8 8 ,51.0,51,2,2,0,
6,4,12,63,69g,99g,9 10 6 10 10 10 ,53.0,55,2,2,0,
7,4,19,58,94,124H,6 10 7 6 8 7 ,40.0,44,0,4,1,
8,4,70,81g,92,117gH,9 10 10 10 9 10 ,58.0,58,2,2,1,
9,4,3g,43g,54,107,9 10 9 6 6 6 ,40.0,46,2,2,0,
10,4,6,28,29g,75g,10 10 6 7 10 7 ,48.0,50,2,2,0,
11,4,65,91g,104g,109,7 7 10 10 9 9 ,52.0,52,2,2,0,
12,4,13g,72g,106g,125gH,10 9 6 7 7 8 ,45.0,47,4,0,1,
13,4,16g,33,108,127gH,10 9 8 9 8 6 ,48.0,50,2,2,1,
14,4,83,88,95,97,9 9 10 10 9 10 ,57.0,57,0,4,0,
15,4,34g,64,82,87g,7 6 7 6 10 9 ,41.0,45,2,2,0,
16,4,23g,47g,79,96,8 7 6 8 7 7 ,41.0,43,2,2,0,
17,4,8,36,40,49,7 6 7 8 8 9 ,43.0,45,0,4,0,
18,4,17g,24g,55,80,9 10 9 9 10 9 ,56.0,56,2,2,0,
19,4,30g,39,42,115gH,9 7 6 7 6 6 ,35.0,41,2,2,1,
20,4,14,18,50,116H,7 7 6 10 7 10 ,45.0,47,0,4,1,
21,4,10g,53g,56,119H,10 9 9 10 8 6 ,50.0,52,2,2,1,
22,4,61g,68g,78g,113gH,8 6 10 10 10 10 ,52.0,54,4,0,1,
23,4,25g,37g,77g,98g,7 6 7 7 8 7 ,40.0,42,4,0,0,
24,4,7g,86,89g,102,7 7 8 10 8 8 ,48.0,48,2,2,0,
25,4,27g,51g,110,122H,7 8 6 9 10 9 ,47.0,49,2,2,1,
26,4,66g,73,103,121gH,7 7 7 7 7 7 ,42.0,42,2,2,1,
27,4,1,57,84g,118gH,9 8 10 8 8 7 ,50.0,50,2,2,1,
28,4,26g,44g,48,112,6 10 10 7 7 6 ,42.0,46,2,2,0,
29,4,0,9g,45,123gH,6 8 9 7 7 8 ,43.0,45,2,2,1,
30,4,2,21,35g,111g,6 7 6 7 6 6 ,30.0,38,2,2,0,
31,4,22,38g,59,101g,6 7 6 7 9 7 ,38.0,42,2,2,0,
Total Value = 1466.0
Minimum Compatibility = 6
Total Compatibility = 1534
24/10/25 19:14:44
-----
data.txt
0,4,8,36,51g,113gH,7 8 9 10 10 9 ,53.0,53,2,2,1,
1,4,0,19,83,88,7 7 8 6 8 9 ,43.0,45,0,4,0,
2,4,2,7g,52,123gH,10 6 6 8 7 8 ,41.0,45,2,2,1,
3,4,39,71g,94,99g,7 10 6 6 10 8 ,43.0,47,2,2,0,
4,4,9g,95,97,117gH,9 9 6 10 6 6 ,40.0,46,2,2,1,
5,4,40,80,104g,125gH,6 6 8 10 7 9 ,42.0,46,2,2,1,
6,4,3g,27g,47g,69g,6 10 8 6 9 8 ,43.0,47,4,0,0,
7,4,46,86,110,122H,9 10 9 10 10 9 ,57.0,57,0,4,1,
8,4,21,22,58,124H,6 6 9 10 8 8 ,43.0,47,0,4,1,
9,4,29g,42,74,75g,7 10 7 6 7 10 ,45.0,47,2,2,0,
10,4,48,77g,78g,120H,6 6 8 7 6 6 ,31.0,39,2,2,1,
11,4,16g,25g,33,55,7 10 10 7 9 10 ,53.0,53,2,2,0,
12,4,10g,53g,56,119H,10 9 9 10 8 6 ,50.0,52,2,2,1,
13,4,66g,73,103,121gH,7 7 7 7 7 7 ,42.0,42,2,2,1,
14,4,5g,59,67g,76,10 9 10 9 6 10 ,52.0,54,2,2,0,
15,4,17g,24g,61g,81g,9 7 9 9 10 6 ,48.0,50,4,0,0,
16,4,45,101g,106g,114H,10 6 10 10 8 7 ,49.0,51,2,2,1,
17,4,54,89g,102,118gH,10 8 7 8 8 8 ,49.0,49,2,2,1,
18,4,12,32,41g,90g,6 10 6 10 10 10 ,48.0,52,2,2,0,
19,4,26g,62g,96,112,10 10 10 10 7 6 ,51.0,53,2,2,0,
20,4,23g,30g,38g,60g,6 7 6 7 6 9 ,35.0,41,4,0,0,
21,4,14,18,50,82,7 7 7 10 10 10 ,51.0,51,0,4,0,
22,4,31g,34g,100,126H,8 6 10 6 7 8 ,41.0,45,2,2,1,
23,4,64,65,87g,127gH,6 10 6 10 8 6 ,40.0,46,2,2,1,
24,4,4g,6,15g,79,7 10 10 9 10 10 ,56.0,56,2,2,0,
25,4,49,91g,109,115gH,6 6 9 9 6 6 ,34.0,42,2,2,1,
26,4,13g,28,68g,70,10 7 7 9 10 10 ,53.0,53,2,2,0,
27,4,72g,105,107,111g,9 7 8 8 9 6 ,45.0,47,2,2,0,
28,4,20g,37g,43g,98g,8 10 6 6 8 8 ,42.0,46,4,0,0,
29,4,35g,63,85g,108,8 7 6 8 6 6 ,35.0,41,2,2,0,
30,4,11,92,93,116H,10 7 8 6 7 9 ,45.0,47,0,4,1,
31,4,1,44g,57,84g,8 9 8 9 7 8 ,49.0,49,2,2,0,
Total Value = 1449.0
Minimum Compatibility = 6
Total Compatibility = 1539
24/10/25 19:19:45
-----
data.txt
0,4,66g,107,111g,124H,10 8 6 6 8 7 ,41.0,45,2,2,1,
1,4,6,15g,28,68g,9 10 8 6 10 9 ,50.0,52,2,2,0,
2,4,0,5g,27g,119H,10 6 9 10 6 6 ,41.0,47,2,2,1,
3,4,25g,30g,94,103,9 10 10 6 10 7 ,50.0,52,2,2,0,
4,4,37g,38g,81g,98g,10 7 8 6 7 9 ,45.0,47,4,0,0,
5,4,29g,42,59,61g,7 7 8 6 6 7 ,37.0,41,2,2,0,
6,4,18,50,82,116H,10 10 7 10 10 6 ,51.0,53,0,4,1,
7,4,41g,62g,90g,121gH,9 10 9 10 7 7 ,52.0,52,4,0,1,
8,4,9g,26g,67g,123gH,9 6 7 8 6 8 ,40.0,44,4,0,1,
9,4,83,88,95,97,9 9 10 10 9 10 ,57.0,57,0,4,0,
10,4,22,58,60g,115gH,10 9 7 10 10 9 ,55.0,55,2,2,1,
11,4,65,71g,75g,93,8 7 7 8 7 7 ,44.0,44,2,2,0,
12,4,13g,20g,56,114H,8 10 9 7 8 6 ,46.0,48,2,2,1,
13,4,16g,17g,33,64,10 10 7 10 7 7 ,51.0,51,2,2,0,
14,4,10g,53g,54,120H,10 6 10 7 10 7 ,48.0,50,2,2,1,
15,4,4g,70,92,117gH,8 9 7 10 10 10 ,54.0,54,2,2,1,
16,4,2,21,45,80,6 6 6 6 6 7 ,27.0,37,0,4,0,
17,4,19,24g,63,127gH,9 8 8 7 7 7 ,46.0,46,2,2,1,
18,4,32,73,105,126H,9 10 7 6 7 8 ,45.0,47,0,4,1,
19,4,86,89g,102,125gH,10 8 7 8 7 8 ,48.0,48,2,2,1,
20,4,36,40,78g,113gH,8 6 10 6 10 10 ,46.0,50,2,2,1,
21,4,14,23g,47g,79,7 6 6 8 7 8 ,38.0,42,2,2,0,
22,4,76,96,101g,106g,8 7 8 9 10 10 ,52.0,52,2,2,0,
23,4,48,52,112,122H,7 6 7 7 7 7 ,39.0,41,0,4,1,
24,4,84g,87g,91g,104g,6 10 9 9 6 10 ,46.0,50,4,0,0,
25,4,3g,8,77g,108,10 7 10 8 7 6 ,46.0,48,2,2,0,
26,4,11,35g,74,99g,7 8 7 8 9 7 ,46.0,46,2,2,0,
27,4,1,44g,57,85g,8 9 8 9 10 10 ,54.0,54,2,2,0,
28,4,39,43g,69g,109,7 8 7 6 8 7 ,41.0,43,2,2,0,
29,4,12,31g,34g,55,10 8 9 8 6 10 ,49.0,51,2,2,0,
30,4,49,51g,72g,100,8 7 9 8 8 7 ,47.0,47,2,2,0,
31,4,7g,46,110,118gH,7 8 7 10 9 8 ,49.0,49,2,2,1,
Total Value = 1481.0
Minimum Compatibility = 6
Total Compatibility = 1543
24/10/25 19:24:46
-----
data.txt
0,4,40,61g,68g,80,10 6 6 8 7 10 ,43.0,47,2,2,0,
1,4,7g,86,89g,102,7 7 8 10 8 8 ,48.0,48,2,2,0,
2,4,48,56,78g,113gH,8 6 7 6 7 10 ,40.0,44,2,2,1,
3,4,39,42,71g,75g,7 7 7 6 7 8 ,40.0,42,2,2,0,
4,4,66g,107,111g,124H,10 8 6 6 8 7 ,41.0,45,2,2,1,
5,4,21,24g,77g,108,7 6 9 6 9 6 ,37.0,43,2,2,0,
6,4,64,83,87g,127gH,7 10 6 6 9 6 ,38.0,44,2,2,1,
7,4,8,52,88,114H,6 6 8 8 10 8 ,42.0,46,0,4,1,
8,4,9g,72g,97,105,6 9 9 7 9 8 ,46.0,48,2,2,0,
9,4,26g,62g,96,112,10 10 10 10 7 6 ,51.0,53,2,2,0,
10,4,6,11,93,116H,7 9 6 7 8 9 ,44.0,46,0,4,1,
11,4,27g,36,51g,122H,6 7 6 10 7 10 ,42.0,46,2,2,1,
12,4,43g,49,90g,103,7 6 6 9 6 6 ,32.0,40,2,2,0,
13,4,3g,47g,79,95,10 8 8 8 9 7 ,50.0,50,2,2,0,
14,4,15g,18,20g,82,9 8 9 6 10 7 ,47.0,49,2,2,0,
15,4,1,44g,57,85g,8 9 8 9 10 10 ,54.0,54,2,2,0,
16,4,23g,28,50,98g,6 8 6 10 8 7 ,41.0,45,2,2,0,
17,4,12,63,69g,99g,9 10 6 10 10 10 ,53.0,55,2,2,0,
18,4,5g,59,67g,76,10 9 10 9 6 10 ,52.0,54,2,2,0,
19,4,19,25g,30g,94,6 10 10 9 10 6 ,47.0,51,2,2,0,
20,4,14,32,37g,38g,7 8 7 7 7 10 ,46.0,46,2,2,0,
21,4,31g,34g,100,126H,8 6 10 6 7 8 ,41.0,45,2,2,1,
22,4,10g,53g,84g,123gH,10 10 8 9 8 10 ,55.0,55,4,0,1,
23,4,70,81g,92,117gH,9 10 10 10 9 10 ,58.0,58,2,2,1,
24,4,2,29g,35g,74,7 7 6 6 10 8 ,40.0,44,2,2,0,
25,4,0,13g,45,118gH,8 8 7 6 9 7 ,43.0,45,2,2,1,
26,4,65,91g,104g,109,7 7 10 10 9 9 ,52.0,52,2,2,0,
27,4,46,54,110,120H,9 10 7 10 7 7 ,50.0,50,0,4,1,
28,4,4g,101g,106g,125gH,6 7 7 10 8 8 ,44.0,46,4,0,1,
29,4,41g,55,73,121gH,8 10 9 10 7 7 ,51.0,51,2,2,1,
30,4,22,58,60g,115gH,10 9 7 10 10 9 ,55.0,55,2,2,1,
31,4,16g,17g,33,119H,10 10 8 10 8 8 ,54.0,54,2,2,1,
Total Value = 1477.0
Minimum Compatibility = 6
Total Compatibility = 1551
24/10/25 19:29:46
-----
data.txt
0,4,34g,39,66g,107,6 6 9 6 6 10 ,35.0,43,2,2,0,
1,4,8,28,70,92,10 7 10 10 9 10 ,56.0,56,0,4,0,
2,4,4g,6,15g,79,7 10 10 9 10 10 ,56.0,56,2,2,0,
3,4,29g,65,74,75g,7 10 7 9 7 10 ,50.0,50,2,2,0,
4,4,21,22,48,58,6 7 6 9 10 7 ,41.0,45,0,4,0,
5,4,0,5g,30g,59,10 6 10 8 10 7 ,49.0,51,2,2,0,
6,4,2,71g,93,115gH,9 7 6 7 6 6 ,35.0,41,2,2,1,
7,4,18,50,82,116H,10 10 7 10 10 6 ,51.0,53,0,4,1,
8,4,31g,43g,49,100,10 8 6 7 7 9 ,45.0,47,2,2,0,
9,4,3g,35g,77g,127gH,9 7 9 6 6 6 ,37.0,43,4,0,1,
10,4,13g,67g,101g,106g,10 9 9 6 8 10 ,50.0,52,4,0,0,
11,4,16g,17g,33,88,10 10 9 10 9 9 ,57.0,57,2,2,0,
12,4,37g,38g,78g,113gH,10 7 6 7 7 10 ,45.0,47,4,0,1,
13,4,7g,52,76,123gH,8 7 7 7 8 9 ,46.0,46,2,2,1,
14,4,19,63,94,97,8 10 6 7 7 8 ,44.0,46,0,4,0,
15,4,60g,73,83,121gH,6 6 9 7 7 6 ,35.0,41,2,2,1,
16,4,56,84g,104g,112,8 7 8 9 8 7 ,47.0,47,2,2,0,
17,4,36,68g,110,117gH,7 7 6 9 10 9 ,46.0,48,2,2,1,
18,4,24g,42,61g,108,7 9 9 6 7 10 ,46.0,48,2,2,0,
19,4,87g,91g,109,114H,9 8 8 9 10 9 ,53.0,53,2,2,1,
20,4,54,72g,111g,124H,10 9 8 8 8 7 ,50.0,50,2,2,1,
21,4,41g,69g,90g,99g,6 10 7 6 10 7 ,42.0,46,4,0,0,
22,4,9g,26g,105,126H,9 9 8 8 7 8 ,49.0,49,2,2,1,
23,4,53g,85g,86,122H,7 7 7 8 7 10 ,46.0,46,2,2,1,
24,4,27g,46,51g,120H,8 7 6 9 7 7 ,42.0,44,2,2,1,
25,4,14,23g,47g,103,7 6 6 8 6 7 ,34.0,40,2,2,0,
26,4,1,44g,57,125gH,8 9 8 9 9 7 ,50.0,50,2,2,1,
27,4,20g,32,62g,96,8 8 8 10 10 10 ,54.0,54,2,2,0,
28,4,11,40,64,95,7 7 7 6 8 6 ,37.0,41,0,4,0,
29,4,12,25g,55,98g,7 9 7 9 7 10 ,49.0,49,2,2,0,
30,4,45,80,81g,118gH,7 6 7 6 7 8 ,37.0,41,2,2,1,
31,4,10g,89g,102,119H,8 10 9 8 9 9 ,53.0,53,2,2,1,
Total Value = 1467.0
Minimum Compatibility = 6
Total Compatibility = 1533
24/10/25 19:34:46
-----
data.txt
0,4,40,77g,90g,112,6 7 7 6 6 6 ,30.0,38,2,2,0,
1,4,23g,37g,38g,98g,6 7 6 10 8 7 ,40.0,44,4,0,0,
2,4,22,58,60g,115gH,10 9 7 10 10 9 ,55.0,55,2,2,1,
3,4,47g,72g,95,124H,7 9 7 7 8 6 ,42.0,44,2,2,1,
4,4,4g,74,92,118gH,9 9 8 10 7 9 ,52.0,52,2,2,1,
5,4,21,42,48,108,6 7 9 7 7 7 ,41.0,43,0,4,0,
6,4,65,93,107,116H,7 10 7 7 9 9 ,49.0,49,0,4,1,
7,4,44g,101g,106g,125gH,7 7 9 10 8 8 ,49.0,49,4,0,1,
8,4,0,19,83,97,7 7 7 6 6 10 ,39.0,43,0,4,0,
9,4,51g,61g,88,122H,7 6 10 9 6 7 ,41.0,45,2,2,1,
10,4,29g,35g,36,70,6 8 10 7 8 7 ,44.0,46,2,2,0,
11,4,27g,68g,69g,117gH,6 9 6 9 10 9 ,45.0,49,4,0,1,
12,4,6,8,11,28,6 7 10 8 10 10 ,49.0,51,0,4,0,
13,4,12,32,34g,41g,6 8 10 9 10 7 ,48.0,50,2,2,0,
14,4,1,52,85g,123gH,8 8 8 7 8 8 ,47.0,47,2,2,1,
15,4,10g,53g,56,76,10 9 8 10 7 6 ,48.0,50,2,2,0,
16,4,3g,5g,45,59,9 9 9 7 10 8 ,52.0,52,2,2,0,
17,4,14,18,50,82,7 7 7 10 10 10 ,51.0,51,0,4,0,
18,4,66g,103,105,121gH,7 7 7 6 7 8 ,40.0,42,2,2,1,
19,4,16g,17g,33,73,10 10 9 10 7 9 ,55.0,55,2,2,0,
20,4,2,71g,80,81g,9 6 6 7 6 6 ,32.0,40,2,2,0,
21,4,31g,43g,49,100,10 8 6 7 7 9 ,45.0,47,2,2,0,
22,4,9g,26g,62g,113gH,9 9 9 10 9 7 ,53.0,53,4,0,1,
23,4,15g,54,67g,120H,8 8 10 10 7 10 ,53.0,53,2,2,1,
24,4,63,78g,99g,110,8 10 8 9 10 8 ,53.0,53,2,2,0,
25,4,7g,86,89g,102,7 7 8 10 8 8 ,48.0,48,2,2,0,
26,4,24g,57,111g,119H,7 6 9 6 8 9 ,41.0,45,2,2,1,
27,4,91g,104g,109,114H,10 9 10 9 10 9 ,57.0,57,2,2,1,
28,4,55,64,87g,127gH,9 7 8 10 6 6 ,42.0,46,2,2,1,
29,4,25g,39,75g,94,10 8 10 7 10 6 ,49.0,51,2,2,0,
30,4,13g,46,84g,126H,7 7 8 7 8 7 ,44.0,44,2,2,1,
31,4,20g,30g,79,96,6 8 8 8 7 7 ,42.0,44,2,2,0,
Total Value = 1476.0
Minimum Compatibility = 6
Total Compatibility = 1536
24/10/25 19:39:47
-----
data.txt
0,4,64,65,87g,127gH,6 10 6 10 8 6 ,40.0,46,2,2,1,
1,4,6,28,29g,75g,10 10 6 7 10 7 ,48.0,50,2,2,0,
2,4,40,80,106g,125gH,6 6 8 6 7 8 ,35.0,41,2,2,1,
3,4,71g,74,92,115gH,8 10 6 10 8 6 ,44.0,48,2,2,1,
4,4,20g,42,77g,126H,6 6 10 7 9 6 ,38.0,44,2,2,1,
5,4,39,43g,98g,109,7 6 7 8 8 6 ,38.0,42,2,2,0,
6,4,5g,27g,91g,104g,10 10 6 6 7 10 ,45.0,49,4,0,0,
7,4,22,48,112,122H,9 8 9 6 7 7 ,44.0,46,0,4,1,
8,4,3g,37g,45,59,9 9 9 8 6 8 ,47.0,49,2,2,0,
9,4,16g,41g,73,95,10 9 10 10 9 6 ,52.0,54,2,2,0,
10,4,2,7g,21,35g,10 6 7 6 6 7 ,36.0,42,2,2,0,
11,4,9g,31g,97,105,9 9 9 9 10 8 ,54.0,54,2,2,0,
12,4,0,4g,15g,79,6 7 7 10 10 10 ,48.0,50,2,2,0,
13,4,14,18,82,116H,7 7 6 10 7 6 ,39.0,43,0,4,1,
14,4,90g,93,111g,114H,10 9 7 9 9 6 ,48.0,50,2,2,1,
15,4,26g,32,62g,96,9 10 10 10 10 10 ,59.0,59,2,2,0,
16,4,17g,61g,88,108,7 9 9 9 10 6 ,48.0,50,2,2,0,
17,4,19,83,94,124H,6 10 7 6 7 7 ,39.0,43,0,4,1,
18,4,34g,66g,103,107,6 6 9 7 10 6 ,38.0,44,2,2,0,
19,4,54,101g,102,123gH,9 8 8 8 10 9 ,52.0,52,2,2,1,
20,4,11,13g,67g,120H,10 7 7 10 9 10 ,53.0,53,2,2,1,
21,4,23g,24g,30g,38g,7 6 7 7 6 7 ,36.0,40,4,0,0,
22,4,36,52,78g,113gH,6 6 10 6 7 10 ,39.0,45,2,2,1,
23,4,84g,86,89g,119H,7 8 7 10 8 9 ,49.0,49,2,2,1,
24,4,68g,70,110,117gH,10 9 10 8 10 9 ,56.0,56,2,2,1,
25,4,49,51g,72g,100,8 7 9 8 8 7 ,47.0,47,2,2,0,
26,4,10g,53g,56,76,10 9 8 10 7 6 ,48.0,50,2,2,0,
27,4,12,63,69g,99g,9 10 6 10 10 10 ,53.0,55,2,2,0,
28,4,50,58,60g,121gH,7 10 6 10 7 9 ,47.0,49,2,2,1,
29,4,25g,33,55,81g,7 9 6 10 9 9 ,48.0,50,2,2,0,
30,4,1,44g,57,85g,8 9 8 9 10 10 ,54.0,54,2,2,0,
31,4,8,46,47g,118gH,6 8 9 7 9 9 ,46.0,48,2,2,1,
Total Value = 1468.0
Minimum Compatibility = 6
Total Compatibility = 1552
24/10/25 19:44:47
-----
data.txt
0,4,62g,98g,103,124H,10 6 10 6 6 6 ,36.0,44,2,2,1,
1,4,4g,61g,74,82,7 9 7 6 6 9 ,40.0,44,2,2,0,
2,4,25g,30g,39,94,9 10 10 9 6 10 ,52.0,54,2,2,0,
3,4,14,50,64,116H,7 6 6 7 10 6 ,36.0,42,0,4,1,
4,4,20g,43g,67g,106g,10 7 6 9 6 8 ,42.0,46,4,0,0,
5,4,16g,32,41g,95,10 10 10 10 10 9 ,59.0,59,2,2,0,
6,4,46,86,110,122H,9 10 9 10 10 9 ,57.0,57,0,4,1,
7,4,3g,45,54,72g,9 10 10 7 7 10 ,53.0,53,2,2,0,
8,4,18,27g,79,85g,6 10 6 6 6 6 ,30.0,40,2,2,0,
9,4,22,58,75g,115gH,10 6 7 6 10 7 ,42.0,46,2,2,1,
10,4,6,28,37g,99g,10 6 8 10 6 6 ,40.0,46,2,2,0,
11,4,7g,21,35g,108,6 6 6 7 9 6 ,32.0,40,2,2,0,
12,4,63,65,69g,71g,6 10 7 6 8 9 ,42.0,46,2,2,0,
13,4,23g,88,104g,114H,7 7 6 6 8 10 ,40.0,44,2,2,1,
14,4,83,87g,91g,97,6 9 10 9 9 9 ,50.0,52,2,2,0,
15,4,17g,24g,33,80,9 10 9 9 10 9 ,56.0,56,2,2,0,
16,4,19,60g,73,121gH,7 6 7 6 9 7 ,38.0,42,2,2,1,
17,4,9g,40,49,125gH,9 10 7 9 8 7 ,50.0,50,2,2,1,
18,4,89g,102,111g,119H,8 7 9 6 9 9 ,46.0,48,2,2,1,
19,4,34g,55,66g,107,10 6 9 6 8 10 ,45.0,49,2,2,0,
20,4,42,77g,90g,93,7 6 7 6 6 10 ,36.0,42,2,2,0,
21,4,44g,57,101g,126H,9 7 7 7 7 6 ,41.0,43,2,2,1,
22,4,70,81g,96,117gH,9 7 10 6 9 7 ,46.0,48,2,2,1,
23,4,26g,38g,48,112,6 10 10 7 7 6 ,42.0,46,2,2,0,
24,4,1,52,84g,123gH,8 8 8 8 8 10 ,50.0,50,2,2,1,
25,4,2,29g,36,51g,7 6 6 8 6 10 ,37.0,43,2,2,0,
26,4,0,13g,92,118gH,8 6 7 10 9 9 ,47.0,49,2,2,1,
27,4,12,31g,100,127gH,10 6 7 6 7 6 ,36.0,42,2,2,1,
28,4,10g,53g,56,76,10 9 8 10 7 6 ,48.0,50,2,2,0,
29,4,11,15g,68g,120H,8 9 7 10 10 7 ,51.0,51,2,2,1,
30,4,5g,59,78g,109,10 7 6 6 7 6 ,36.0,42,2,2,0,
31,4,8,47g,105,113gH,8 7 9 9 7 7 ,47.0,47,2,2,1,
Total Value = 1403.0
Minimum Compatibility = 6
Total Compatibility = 1511
24/10/25 19:49:47
-----
data.txt
0,4,23g,47g,50,105,8 8 6 8 9 6 ,41.0,45,2,2,0,
1,4,46,51g,58,85g,9 8 7 10 6 6 ,42.0,46,2,2,0,
2,4,36,95,104g,113gH,7 9 10 8 7 10 ,51.0,51,2,2,1,
3,4,19,24g,38g,124H,9 6 7 6 7 7 ,38.0,42,2,2,1,
4,4,30g,75g,77g,115gH,6 6 6 6 7 6 ,27.0,37,4,0,1,
5,4,16g,17g,33,119H,10 10 8 10 8 8 ,54.0,54,2,2,1,
6,4,7g,86,89g,102,7 7 8 10 8 8 ,48.0,48,2,2,0,
7,4,3g,26g,78g,117gH,8 6 7 6 7 10 ,40.0,44,4,0,1,
8,4,9g,41g,90g,111g,8 9 6 10 8 9 ,48.0,50,4,0,0,
9,4,28,37g,45,72g,10 8 9 8 9 7 ,51.0,51,2,2,0,
10,4,60g,71g,93,107,7 8 6 7 6 7 ,37.0,41,2,2,0,
11,4,32,34g,62g,96,9 10 10 9 8 10 ,56.0,56,2,2,0,
12,4,2,21,40,48,6 6 6 6 7 7 ,30.0,38,0,4,0,
13,4,66g,73,103,121gH,7 7 7 7 7 7 ,42.0,42,2,2,1,
14,4,29g,59,61g,108,7 8 6 7 7 10 ,43.0,45,2,2,0,
15,4,1,52,84g,123gH,8 8 8 8 8 10 ,50.0,50,2,2,1,
16,4,13g,20g,42,126H,8 9 8 6 10 9 ,48.0,50,2,2,1,
17,4,55,81g,98g,109,9 10 8 9 7 6 ,47.0,49,2,2,0,
18,4,0,27g,91g,114H,6 6 7 6 10 10 ,39.0,45,2,2,1,
19,4,4g,6,35g,74,7 10 9 7 7 8 ,48.0,48,2,2,0,
20,4,44g,80,97,125gH,10 9 9 6 7 6 ,43.0,47,2,2,1,
21,4,31g,43g,49,100,10 8 6 7 7 9 ,45.0,47,2,2,0,
22,4,22,79,112,116H,7 8 7 7 8 8 ,45.0,45,0,4,1,
23,4,10g,53g,56,76,10 9 8 10 7 6 ,48.0,50,2,2,0,
24,4,8,92,101g,118gH,10 9 9 9 9 8 ,54.0,54,2,2,1,
25,4,12,63,69g,99g,9 10 6 10 10 10 ,53.0,55,2,2,0,
26,4,5g,25g,39,94,7 7 7 10 10 10 ,51.0,51,2,2,0,
27,4,11,68g,70,106g,9 8 7 10 7 7 ,48.0,48,2,2,0,
28,4,14,18,65,82,7 6 7 6 10 10 ,42.0,46,0,4,0,
29,4,15g,54,67g,120H,8 8 10 10 7 10 ,53.0,53,2,2,1,
30,4,64,83,87g,127gH,7 10 6 6 9 6 ,38.0,44,2,2,1,
31,4,57,88,110,122H,7 9 6 7 7 9 ,43.0,45,0,4,1,
Total Value = 1443.0
Minimum Compatibility = 6
Total Compatibility = 1517
24/10/25 19:54:48
-----
data.txt
0,4,3g,8,92,101g,10 7 10 10 9 9 ,55.0,55,2,2,0,
1,4,20g,42,43g,109,6 10 7 7 6 8 ,40.0,44,2,2,0,
2,4,12,63,69g,99g,9 10 6 10 10 10 ,53.0,55,2,2,0,
3,4,36,95,104g,113gH,7 9 10 8 7 10 ,51.0,51,2,2,1,
4,4,22,48,77g,106g,9 6 6 6 7 6 ,32.0,40,2,2,0,
5,4,34g,66g,73,107,6 7 9 7 10 7 ,44.0,46,2,2,0,
6,4,68g,78g,84g,117gH,10 7 10 10 10 6 ,51.0,53,4,0,1,
7,4,49,51g,72g,100,8 7 9 8 8 7 ,47.0,47,2,2,0,
8,4,1,10g,52,118gH,10 8 10 9 6 8 ,49.0,51,2,2,1,
9,4,29g,47g,59,70,7 7 10 7 7 6 ,42.0,44,2,2,0,
10,4,26g,32,62g,96,9 10 10 10 10 10 ,59.0,59,2,2,0,
11,4,27g,40,67g,120H,7 6 6 8 7 10 ,40.0,44,2,2,1,
12,4,54,57,102,110,8 8 10 8 9 8 ,51.0,51,0,4,0,
13,4,56,79,112,116H,10 8 6 7 8 8 ,45.0,47,0,4,1,
14,4,23g,50,90g,124H,8 6 7 6 9 7 ,39.0,43,2,2,1,
15,4,18,74,82,114H,9 10 8 9 10 6 ,50.0,52,0,4,1,
16,4,19,24g,83,127gH,9 6 8 9 7 9 ,46.0,48,2,2,1,
17,4,4g,15g,44g,125gH,10 7 7 7 7 9 ,47.0,47,4,0,1,
18,4,5g,88,91g,97,6 10 7 8 9 9 ,47.0,49,2,2,0,
19,4,25g,30g,39,94,9 10 10 9 6 10 ,52.0,54,2,2,0,
20,4,46,58,60g,115gH,8 9 7 10 10 9 ,53.0,53,2,2,1,
21,4,16g,33,55,81g,10 10 9 10 9 9 ,57.0,57,2,2,0,
22,4,9g,31g,105,126H,9 9 8 10 10 8 ,54.0,54,2,2,1,
23,4,2,35g,45,111g,7 6 6 6 6 9 ,32.0,40,2,2,0,
24,4,0,61g,80,123gH,6 7 9 7 8 7 ,42.0,44,2,2,1,
25,4,53g,76,85g,122H,7 7 7 8 6 7 ,40.0,42,2,2,1,
26,4,13g,17g,37g,75g,7 10 8 8 6 8 ,45.0,47,4,0,0,
27,4,7g,86,89g,119H,7 7 7 10 8 9 ,48.0,48,2,2,1,
28,4,14,38g,98g,103,7 6 6 7 7 6 ,33.0,39,2,2,0,
29,4,6,11,28,93,7 10 9 10 7 7 ,50.0,50,0,4,0,
30,4,21,41g,108,121gH,6 9 8 7 9 6 ,41.0,45,2,2,1,
31,4,64,65,71g,87g,6 7 10 8 10 7 ,46.0,48,2,2,0,
Total Value = 1481.0
Minimum Compatibility = 6
Total Compatibility = 1547
24/10/25 19:59:49
-----
data.txt
0,4,22,48,106g,113gH,9 6 6 7 7 10 ,41.0,45,2,2,1,
1,4,57,101g,102,125gH,7 8 7 8 8 8 ,46.0,46,2,2,1,
2,4,19,24g,83,127gH,9 6 8 9 7 9 ,46.0,48,2,2,1,
3,4,80,91g,104g,114H,8 10 8 10 10 10 ,56.0,56,2,2,1,
4,4,27g,40,53g,120H,7 6 6 6 7 10 ,36.0,42,2,2,1,
5,4,0,44g,61g,88,7 6 8 9 9 9 ,46.0,48,2,2,0,
6,4,37g,38g,81g,98g,10 7 8 6 7 9 ,45.0,47,4,0,0,
7,4,2,7g,21,123gH,10 6 6 6 7 6 ,33.0,41,2,2,1,
8,4,4g,6,15g,79,7 10 10 9 10 10 ,56.0,56,2,2,0,
9,4,51g,62g,92,110,10 6 9 7 6 9 ,43.0,47,2,2,0,
10,4,50,65,82,124H,6 10 9 10 8 6 ,45.0,49,0,4,1,
11,4,1,10g,52,85g,10 8 8 9 8 7 ,50.0,50,2,2,0,
12,4,45,89g,111g,119H,9 9 7 7 9 9 ,50.0,50,2,2,1,
13,4,46,54,86,122H,9 9 9 8 9 10 ,54.0,54,0,4,1,
14,4,3g,13g,72g,118gH,10 10 10 10 9 6 ,53.0,55,4,0,1,
15,4,16g,32,41g,73,10 10 9 10 9 10 ,58.0,58,2,2,0,
16,4,58,60g,63,115gH,10 6 10 6 9 6 ,41.0,47,2,2,1,
17,4,78g,84g,112,116H,10 6 6 8 6 8 ,38.0,44,2,2,1,
18,4,9g,26g,96,126H,9 8 8 10 7 8 ,50.0,50,2,2,1,
19,4,11,59,64,94,6 7 7 9 6 6 ,35.0,41,0,4,0,
20,4,66g,103,105,121gH,7 7 7 6 7 8 ,40.0,42,2,2,1,
21,4,14,17g,23g,33,6 7 6 6 10 6 ,33.0,41,2,2,0,
22,4,20g,42,43g,107,6 10 10 7 6 6 ,39.0,45,2,2,0,
23,4,8,47g,77g,95,8 8 8 6 9 6 ,41.0,45,2,2,0,
24,4,25g,39,69g,109,10 8 10 8 7 7 ,50.0,50,2,2,0,
25,4,28,68g,70,117gH,9 10 6 10 10 10 ,53.0,55,2,2,1,
26,4,5g,56,67g,76,6 9 10 6 6 10 ,41.0,47,2,2,0,
27,4,35g,36,49,99g,7 6 9 8 6 6 ,36.0,42,2,2,0,
28,4,55,87g,90g,93,7 8 7 6 6 10 ,40.0,44,2,2,0,
29,4,71g,75g,97,108,8 6 6 9 6 7 ,36.0,42,2,2,0,
30,4,18,29g,30g,74,6 7 9 8 10 6 ,42.0,46,2,2,0,
31,4,12,31g,34g,100,10 8 6 8 6 6 ,38.0,44,2,2,0,
Total Value = 1411.0
Minimum Compatibility = 6
Total Compatibility = 1517
24/10/25 20:04:51
-----
data.txt
0,4,29g,60g,86,122H,8 7 6 8 9 10 ,46.0,48,2,2,1,
1,4,34g,55,73,121gH,10 7 7 10 7 7 ,48.0,48,2,2,1,
2,4,0,19,24g,81g,7 8 6 9 6 10 ,42.0,46,2,2,0,
3,4,14,37g,38g,96,8 7 7 10 7 8 ,47.0,47,2,2,0,
4,4,45,57,101g,125gH,6 10 6 7 7 8 ,40.0,44,2,2,1,
5,4,12,31g,41g,100,10 10 6 10 6 6 ,42.0,48,2,2,0,
6,4,23g,47g,61g,98g,8 6 6 9 6 6 ,33.0,41,4,0,0,
7,4,26g,32,62g,124H,9 10 9 10 7 10 ,55.0,55,2,2,1,
8,4,16g,17g,33,88,10 10 9 10 9 9 ,57.0,57,2,2,0,
9,4,27g,36,46,118gH,6 8 6 8 6 9 ,37.0,43,2,2,1,
10,4,4g,6,15g,79,7 10 10 9 10 10 ,56.0,56,2,2,0,
11,4,43g,67g,84g,106g,9 8 6 7 8 8 ,44.0,46,4,0,0,
12,4,91g,104g,112,114H,10 8 10 7 10 9 ,54.0,54,2,2,1,
13,4,8,28,70,92,10 7 10 10 9 10 ,56.0,56,0,4,0,
14,4,5g,30g,59,64,8 10 9 7 6 9 ,47.0,49,2,2,0,
15,4,18,50,82,116H,10 10 7 10 10 6 ,51.0,53,0,4,1,
16,4,9g,40,49,90g,9 10 9 9 7 9 ,53.0,53,2,2,0,
17,4,39,42,108,126H,7 6 6 7 9 8 ,39.0,43,0,4,1,
18,4,2,7g,80,123gH,10 6 6 6 7 7 ,36.0,42,2,2,1,
19,4,66g,105,107,111g,7 10 8 8 9 6 ,46.0,48,2,2,0,
20,4,10g,89g,102,119H,8 10 9 8 9 9 ,53.0,53,2,2,1,
21,4,65,71g,87g,93,8 10 7 7 7 6 ,43.0,45,2,2,0,
22,4,20g,25g,103,109,8 6 7 10 10 7 ,46.0,48,2,2,0,
23,4,35g,68g,69g,99g,10 6 9 9 9 10 ,51.0,53,4,0,0,
24,4,63,74,75g,127gH,6 7 7 10 6 7 ,39.0,43,2,2,1,
25,4,56,78g,110,117gH,6 7 10 10 10 9 ,50.0,52,2,2,1,
26,4,1,44g,52,85g,8 8 8 7 10 7 ,48.0,48,2,2,0,
27,4,83,94,95,97,6 9 10 7 8 10 ,48.0,50,0,4,0,
28,4,21,58,77g,115gH,6 6 6 6 10 6 ,30.0,40,2,2,1,
29,4,22,48,51g,113gH,9 7 6 6 7 9 ,40.0,44,2,2,1,
30,4,11,13g,53g,120H,10 6 7 6 9 10 ,44.0,48,2,2,1,
31,4,3g,54,72g,76,10 10 10 10 7 6 ,51.0,53,2,2,0,
Total Value = 1472.0
Minimum Compatibility = 6
Total Compatibility = 1554
24/10/25 20:09:53
-----
data.txt
0,4,36,40,61g,113gH,8 7 10 10 10 10 ,55.0,55,2,2,1,
1,4,70,81g,92,117gH,9 10 10 10 9 10 ,58.0,58,2,2,1,
2,4,11,29g,35g,74,9 7 8 6 10 8 ,46.0,48,2,2,0,
3,4,17g,24g,33,64,9 10 7 9 7 7 ,49.0,49,2,2,0,
4,4,72g,77g,106g,125gH,6 7 7 6 6 8 ,34.0,40,4,0,1,
5,4,3g,43g,55,108,9 7 10 7 7 9 ,49.0,49,2,2,0,
6,4,25g,30g,39,94,9 10 10 9 6 10 ,52.0,54,2,2,0,
7,4,16g,26g,32,96,8 10 10 9 10 10 ,57.0,57,2,2,0,
8,4,58,87g,100,127gH,6 6 6 6 6 6 ,24.0,36,2,2,1,
9,4,42,48,62g,90g,7 7 6 7 10 10 ,45.0,47,2,2,0,
10,4,86,101g,102,123gH,7 8 10 8 10 9 ,52.0,52,2,2,1,
11,4,6,79,98g,99g,10 6 8 6 7 6 ,37.0,43,2,2,0,
12,4,45,89g,111g,119H,9 9 7 7 9 9 ,50.0,50,2,2,1,
13,4,68g,78g,110,120H,10 9 7 10 6 7 ,47.0,49,2,2,1,
14,4,82,83,91g,104g,6 7 9 9 7 10 ,46.0,48,2,2,0,
15,4,4g,15g,18,54,10 7 8 9 8 8 ,50.0,50,2,2,0,
16,4,69g,71g,75g,115gH,9 7 6 8 6 7 ,39.0,43,4,0,1,
17,4,12,19,63,124H,8 9 7 8 7 6 ,43.0,45,0,4,1,
18,4,0,59,76,88,10 6 8 6 7 6 ,37.0,43,0,4,0,
19,4,14,23g,50,60g,7 7 6 8 6 10 ,40.0,44,2,2,0,
20,4,28,34g,37g,109,8 10 10 8 6 10 ,50.0,52,2,2,0,
21,4,7g,46,51g,122H,7 7 6 9 9 10 ,46.0,48,2,2,1,
22,4,5g,27g,38g,47g,10 6 8 6 6 7 ,37.0,43,4,0,0,
23,4,66g,73,103,121gH,7 7 7 7 7 7 ,42.0,42,2,2,1,
24,4,65,93,107,116H,7 10 7 7 9 9 ,49.0,49,0,4,1,
25,4,20g,41g,95,126H,7 7 10 9 7 8 ,48.0,48,2,2,1,
26,4,2,21,22,80,6 6 6 6 6 6 ,24.0,36,0,4,0,
27,4,52,56,112,114H,6 7 10 8 6 9 ,42.0,46,0,4,1,
28,4,1,44g,57,85g,8 9 8 9 10 10 ,54.0,54,2,2,0,
29,4,8,13g,49,67g,10 7 10 7 10 9 ,53.0,53,2,2,0,
30,4,9g,31g,97,105,9 9 9 9 10 8 ,54.0,54,2,2,0,
31,4,10g,53g,84g,118gH,10 10 6 9 7 7 ,47.0,49,4,0,1,
Total Value = 1456.0
Minimum Compatibility = 6
Total Compatibility = 1534
24/10/25 20:14:53
-----
data.txt
0,4,6,19,64,83,8 6 7 7 6 7 ,37.0,41,0,4,0,
1,4,31g,43g,49,100,10 8 6 7 7 9 ,45.0,47,2,2,0,
2,4,1,44g,57,85g,8 9 8 9 10 10 ,54.0,54,2,2,0,
3,4,33,55,81g,98g,10 9 6 9 10 9 ,51.0,53,2,2,0,
4,4,4g,46,76,118gH,6 8 8 7 9 7 ,43.0,45,2,2,1,
5,4,9g,77g,95,126H,7 9 8 6 6 8 ,40.0,44,2,2,1,
6,4,29g,42,74,75g,7 10 7 6 7 10 ,45.0,47,2,2,0,
7,4,24g,59,80,125gH,7 10 7 7 6 7 ,42.0,44,2,2,1,
8,4,36,40,61g,104g,8 7 9 10 6 10 ,48.0,50,2,2,0,
9,4,26g,51g,62g,113gH,7 10 9 10 9 7 ,52.0,52,4,0,1,
10,4,5g,8,67g,116H,7 9 6 10 8 7 ,45.0,47,2,2,1,
11,4,89g,102,111g,119H,8 7 9 6 9 9 ,46.0,48,2,2,1,
12,4,14,37g,38g,82,8 7 7 10 6 7 ,43.0,45,2,2,0,
13,4,3g,12,103,127gH,9 6 9 6 7 8 ,41.0,45,2,2,1,
14,4,22,58,60g,115gH,10 9 7 10 10 9 ,55.0,55,2,2,1,
15,4,63,90g,105,121gH,7 7 6 7 7 8 ,40.0,42,2,2,1,
16,4,34g,66g,73,107,6 7 9 7 10 7 ,44.0,46,2,2,0,
17,4,10g,53g,54,120H,10 6 10 7 10 7 ,48.0,50,2,2,1,
18,4,65,93,112,114H,7 9 9 6 9 9 ,47.0,49,0,4,1,
19,4,68g,69g,78g,99g,9 10 9 9 10 9 ,56.0,56,4,0,0,
20,4,11,13g,28,72g,10 10 7 10 10 9 ,56.0,56,2,2,0,
21,4,87g,91g,97,109,9 9 8 9 9 7 ,51.0,51,2,2,0,
22,4,48,52,86,122H,7 9 7 8 7 10 ,48.0,48,0,4,1,
23,4,25g,39,71g,94,10 7 10 7 10 6 ,48.0,50,2,2,0,
24,4,20g,32,41g,96,8 7 8 10 10 9 ,52.0,52,2,2,0,
25,4,2,7g,21,35g,10 6 7 6 6 7 ,36.0,42,2,2,0,
26,4,27g,56,110,117gH,6 8 6 7 10 9 ,42.0,46,2,2,1,
27,4,70,92,101g,106g,10 6 7 9 6 10 ,44.0,48,2,2,0,
28,4,16g,17g,88,108,10 9 9 9 9 6 ,50.0,52,2,2,0,
29,4,0,45,84g,123gH,8 6 9 6 8 10 ,43.0,47,2,2,1,
30,4,15g,18,30g,79,9 7 10 7 10 8 ,51.0,51,2,2,0,
31,4,23g,47g,50,124H,8 8 7 8 7 9 ,47.0,47,2,2,1,
Total Value = 1490.0
Minimum Compatibility = 6
Total Compatibility = 1550
24/10/25 20:19:54
-----
data.txt
0,4,68g,104g,106g,113gH,9 7 10 9 10 10 ,55.0,55,4,0,1,
1,4,34g,64,87g,109,7 7 6 10 7 8 ,43.0,45,2,2,0,
2,4,2,22,71g,115gH,6 9 6 6 7 6 ,32.0,40,2,2,1,
3,4,14,23g,47g,96,7 6 7 8 6 7 ,37.0,41,2,2,0,
4,4,18,50,82,116H,10 10 7 10 10 6 ,51.0,53,0,4,1,
5,4,12,32,63,105,6 9 10 6 10 7 ,44.0,48,0,4,0,
6,4,29g,65,74,75g,7 10 7 9 7 10 ,50.0,50,2,2,0,
7,4,15g,20g,56,79,8 10 10 7 8 10 ,53.0,53,2,2,0,
8,4,16g,17g,33,55,10 10 10 10 10 10 ,60.0,60,2,2,0,
9,4,83,88,95,97,9 9 10 10 9 10 ,57.0,57,0,4,0,
10,4,49,51g,72g,100,8 7 9 8 8 7 ,47.0,47,2,2,0,
11,4,4g,10g,89g,125gH,9 6 7 8 8 7 ,43.0,45,4,0,1,
12,4,19,25g,30g,94,6 10 10 9 10 6 ,47.0,51,2,2,0,
13,4,3g,45,101g,114H,9 10 7 10 10 8 ,54.0,54,2,2,1,
14,4,7g,44g,102,119H,7 8 7 8 10 9 ,49.0,49,2,2,1,
15,4,53g,54,67g,120H,7 7 10 10 7 10 ,51.0,51,2,2,1,
16,4,31g,41g,62g,98g,10 9 8 9 6 10 ,50.0,52,4,0,0,
17,4,0,11,36,40,7 6 7 7 7 8 ,40.0,42,0,4,0,
18,4,24g,61g,80,108,9 10 9 7 10 6 ,49.0,51,2,2,0,
19,4,66g,73,103,121gH,7 7 7 7 7 7 ,42.0,42,2,2,1,
20,4,78g,86,110,117gH,7 10 10 10 6 9 ,50.0,52,2,2,1,
21,4,70,81g,92,118gH,9 10 9 10 8 9 ,55.0,55,2,2,1,
22,4,21,48,77g,127gH,7 6 6 6 6 6 ,27.0,37,2,2,1,
23,4,1,52,85g,123gH,8 8 8 7 8 8 ,47.0,47,2,2,1,
24,4,13g,42,43g,107,9 7 7 7 6 6 ,38.0,42,2,2,0,
25,4,90g,93,111g,124H,10 9 7 9 6 7 ,46.0,48,2,2,1,
26,4,8,28,37g,38g,10 10 7 10 7 10 ,54.0,54,2,2,0,
27,4,9g,26g,57,126H,9 6 8 6 7 7 ,39.0,43,2,2,1,
28,4,27g,46,60g,122H,8 6 6 9 9 9 ,43.0,47,2,2,1,
29,4,6,35g,58,99g,7 6 8 7 9 7 ,42.0,44,2,2,0,
30,4,5g,39,59,69g,7 10 9 8 8 9 ,51.0,51,2,2,0,
31,4,76,84g,91g,112,8 8 6 10 8 8 ,46.0,48,2,2,0,
Total Value = 1492.0
Minimum Compatibility = 6
Total Compatibility = 1554
24/10/25 20:24:55
-----
data.txt
0,4,48,62g,90g,108,7 10 7 10 8 7 ,49.0,49,2,2,0,
1,4,35g,36,51g,122H,7 6 7 10 7 10 ,45.0,47,2,2,1,
2,4,2,7g,21,123gH,10 6 6 6 7 6 ,33.0,41,2,2,1,
3,4,31g,34g,100,126H,8 6 10 6 7 8 ,41.0,45,2,2,1,
4,4,18,27g,50,118gH,6 10 8 9 6 8 ,43.0,47,2,2,1,
5,4,0,5g,59,77g,10 10 8 10 7 6 ,49.0,51,2,2,0,
6,4,10g,52,76,84g,9 8 10 7 8 8 ,50.0,50,2,2,0,
7,4,65,105,112,116H,10 9 7 6 9 8 ,47.0,49,0,4,1,
8,4,3g,72g,106g,111g,10 6 10 7 8 6 ,43.0,47,4,0,0,
9,4,91g,101g,102,119H,7 9 10 8 8 9 ,51.0,51,2,2,1,
10,4,13g,54,67g,120H,9 10 9 10 7 10 ,55.0,55,2,2,1,
11,4,11,29g,68g,70,9 9 8 8 10 10 ,54.0,54,2,2,0,
12,4,16g,64,87g,109,7 6 7 10 7 8 ,43.0,45,2,2,0,
13,4,9g,40,49,125gH,9 10 7 9 8 7 ,50.0,50,2,2,1,
14,4,22,60g,93,115gH,9 8 7 8 9 6 ,45.0,47,2,2,1,
15,4,17g,33,55,81g,10 10 9 10 9 9 ,57.0,57,2,2,0,
16,4,61g,78g,104g,113gH,6 10 10 7 10 10 ,51.0,53,4,0,1,
17,4,1,44g,57,85g,8 9 8 9 10 10 ,54.0,54,2,2,0,
18,4,63,71g,94,99g,7 7 10 6 10 8 ,46.0,48,2,2,0,
19,4,23g,79,88,98g,7 7 6 6 6 6 ,30.0,38,2,2,0,
20,4,24g,45,89g,97,6 6 10 9 6 7 ,38.0,44,2,2,0,
21,4,12,19,95,124H,8 9 7 8 7 6 ,43.0,45,0,4,1,
22,4,66g,73,103,121gH,7 7 7 7 7 7 ,42.0,42,2,2,1,
23,4,53g,56,74,117gH,10 9 6 9 10 8 ,50.0,52,2,2,1,
24,4,20g,28,43g,107,7 10 10 7 7 6 ,45.0,47,2,2,0,
25,4,4g,6,15g,92,7 10 9 9 9 7 ,51.0,51,2,2,0,
26,4,80,82,83,114H,6 7 8 6 6 7 ,34.0,40,0,4,1,
27,4,46,58,86,110,8 9 10 9 8 10 ,54.0,54,0,4,0,
28,4,39,42,75g,127gH,7 7 7 7 7 7 ,42.0,42,2,2,1,
29,4,25g,30g,47g,69g,9 7 8 8 8 8 ,48.0,48,4,0,0,
30,4,8,14,37g,38g,6 10 7 8 7 10 ,46.0,48,2,2,0,
31,4,26g,32,41g,96,9 8 10 10 10 9 ,56.0,56,2,2,0,
Total Value = 1485.0
Minimum Compatibility = 6
Total Compatibility = 1547
24/10/25 20:29:55
-----
data.txt
0,4,41g,71g,90g,121gH,6 10 9 6 6 7 ,38.0,44,4,0,1,
1,4,12,63,69g,99g,9 10 6 10 10 10 ,53.0,55,2,2,0,
2,4,44g,67g,85g,123gH,10 10 8 7 8 8 ,51.0,51,4,0,1,
3,4,15g,70,92,118gH,10 7 8 10 9 9 ,53.0,53,2,2,1,
4,4,4g,18,35g,74,7 10 9 6 9 8 ,47.0,49,2,2,0,
5,4,31g,66g,73,103,6 10 6 7 7 7 ,39.0,43,2,2,0,
6,4,19,24g,33,127gH,9 6 8 9 7 8 ,45.0,47,2,2,1,
7,4,25g,39,75g,94,10 8 10 7 10 6 ,49.0,51,2,2,0,
8,4,65,87g,91g,114H,10 7 9 9 8 10 ,53.0,53,2,2,1,
9,4,46,58,60g,115gH,8 9 7 10 10 9 ,53.0,53,2,2,1,
10,4,14,23g,32,38g,7 7 7 6 7 7 ,39.0,41,2,2,0,
11,4,76,86,106g,125gH,8 8 7 6 7 8 ,42.0,44,2,2,1,
12,4,0,5g,30g,59,10 6 10 8 10 7 ,49.0,51,2,2,0,
13,4,9g,16g,55,108,7 8 7 10 9 9 ,50.0,50,2,2,0,
14,4,2,21,45,80,6 6 6 6 6 7 ,27.0,37,0,4,0,
15,4,49,51g,72g,100,8 7 9 8 8 7 ,47.0,47,2,2,0,
16,4,1,53g,54,84g,8 10 8 7 9 9 ,51.0,51,2,2,0,
17,4,26g,57,62g,124H,6 10 9 6 8 10 ,45.0,49,2,2,1,
18,4,7g,10g,52,120H,8 8 7 9 10 7 ,49.0,49,2,2,1,
19,4,47g,79,96,104g,8 7 7 7 7 10 ,46.0,46,2,2,0,
20,4,8,28,77g,101g,10 8 9 7 8 7 ,49.0,49,2,2,0,
21,4,3g,20g,27g,43g,7 6 9 6 10 6 ,38.0,44,4,0,0,
22,4,17g,37g,81g,98g,8 9 6 7 8 9 ,45.0,47,4,0,0,
23,4,6,11,29g,68g,7 10 8 9 9 8 ,51.0,51,2,2,0,
24,4,93,105,107,116H,7 7 9 8 9 9 ,49.0,49,0,4,1,
25,4,56,78g,110,117gH,6 7 10 10 10 9 ,50.0,52,2,2,1,
26,4,22,48,112,122H,9 8 9 6 7 7 ,44.0,46,0,4,1,
27,4,50,64,82,109,7 10 9 6 7 6 ,41.0,45,0,4,0,
28,4,13g,34g,42,126H,7 9 8 6 7 9 ,44.0,46,2,2,1,
29,4,89g,102,111g,119H,8 7 9 6 9 9 ,46.0,48,2,2,1,
30,4,36,40,61g,113gH,8 7 10 10 10 10 ,55.0,55,2,2,1,
31,4,83,88,95,97,9 9 10 10 9 10 ,57.0,57,0,4,0,
Total Value = 1495.0
Minimum Compatibility = 6
Total Compatibility = 1553
24/10/25 20:34:55
-----
data.txt
0,4,3g,7g,108,126H,6 10 9 6 6 8 ,39.0,45,2,2,1,
1,4,21,45,72g,111g,6 7 6 7 9 8 ,39.0,43,2,2,0,
2,4,68g,70,110,117gH,10 9 10 8 10 9 ,56.0,56,2,2,1,
3,4,42,48,62g,90g,7 7 6 7 10 10 ,45.0,47,2,2,0,
4,4,0,76,84g,123gH,6 6 9 8 9 10 ,44.0,48,2,2,1,
5,4,4g,61g,79,88,7 10 6 7 9 6 ,41.0,45,2,2,0,
6,4,11,29g,36,113gH,9 7 8 8 7 10 ,49.0,49,2,2,1,
7,4,1,44g,57,85g,8 9 8 9 10 10 ,54.0,54,2,2,0,
8,4,9g,26g,49,124H,9 10 7 7 9 7 ,49.0,49,2,2,1,
9,4,12,63,92,105,9 7 10 8 7 7 ,48.0,48,0,4,0,
10,4,47g,50,54,118gH,8 9 9 8 8 7 ,49.0,49,2,2,1,
11,4,25g,39,75g,94,10 8 10 7 10 6 ,49.0,51,2,2,0,
12,4,10g,53g,56,119H,10 9 9 10 8 6 ,50.0,52,2,2,1,
13,4,22,96,101g,106g,6 6 6 9 10 10 ,41.0,47,2,2,0,
14,4,18,38g,82,98g,7 10 6 7 7 6 ,39.0,43,2,2,0,
15,4,20g,32,43g,95,8 10 7 6 10 9 ,48.0,50,2,2,0,
16,4,35g,69g,78g,99g,6 6 9 9 10 9 ,45.0,49,4,0,0,
17,4,8,13g,28,37g,10 10 10 10 10 10 ,60.0,60,2,2,0,
18,4,58,87g,100,127gH,6 6 6 6 6 6 ,24.0,36,2,2,1,
19,4,41g,55,73,121gH,8 10 9 10 7 7 ,51.0,51,2,2,1,
20,4,86,89g,102,125gH,10 8 7 8 7 8 ,48.0,48,2,2,1,
21,4,2,71g,74,81g,9 6 6 8 6 6 ,33.0,41,2,2,0,
22,4,15g,40,67g,120H,6 8 10 8 7 10 ,47.0,49,2,2,1,
23,4,5g,27g,46,114H,10 7 6 8 10 7 ,46.0,48,2,2,1,
24,4,34g,65,66g,107,6 6 9 6 10 10 ,41.0,47,2,2,0,
25,4,17g,24g,33,80,9 10 9 9 10 9 ,56.0,56,2,2,0,
26,4,59,77g,109,115gH,6 7 6 6 6 6 ,27.0,37,2,2,1,
27,4,14,23g,30g,103,7 6 6 6 6 10 ,33.0,41,2,2,0,
28,4,6,64,83,93,6 7 9 7 6 6 ,35.0,41,0,4,0,
29,4,51g,52,60g,122H,7 9 10 6 7 9 ,46.0,48,2,2,1,
30,4,16g,19,31g,97,6 10 9 8 6 9 ,44.0,48,2,2,0,
31,4,91g,104g,112,116H,10 8 8 7 9 8 ,50.0,50,2,2,1,
Total Value = 1426.0
Minimum Compatibility = 6
Total Compatibility = 1526
24/10/25 20:39:56
-----
data.txt
0,4,5g,46,67g,76,7 9 10 7 7 10 ,50.0,50,2,2,0,
1,4,22,48,58,116H,9 10 7 7 7 7 ,47.0,47,0,4,1,
2,4,3g,54,72g,97,10 10 6 10 6 7 ,45.0,49,2,2,0,
3,4,8,27g,50,69g,7 8 7 9 9 6 ,44.0,46,2,2,0,
4,4,31g,43g,49,100,10 8 6 7 7 9 ,45.0,47,2,2,0,
5,4,1,10g,52,118gH,10 8 10 9 6 8 ,49.0,51,2,2,1,
6,4,9g,26g,105,126H,9 9 8 8 7 8 ,49.0,49,2,2,1,
7,4,14,23g,32,47g,7 7 6 6 8 6 ,34.0,40,2,2,0,
8,4,18,65,74,82,6 9 10 9 10 9 ,51.0,53,0,4,0,
9,4,20g,37g,77g,98g,8 6 6 7 8 7 ,38.0,42,4,0,0,
10,4,28,42,75g,127gH,7 10 7 7 7 7 ,45.0,45,2,2,1,
11,4,68g,78g,110,120H,10 9 7 10 6 7 ,47.0,49,2,2,1,
12,4,11,29g,35g,36,9 7 7 6 8 7 ,42.0,44,2,2,0,
13,4,86,89g,102,125gH,10 8 7 8 7 8 ,48.0,48,2,2,1,
14,4,13g,51g,60g,113gH,8 8 9 9 9 7 ,50.0,50,4,0,1,
15,4,41g,62g,90g,121gH,9 10 9 10 7 7 ,52.0,52,4,0,1,
16,4,2,93,111g,115gH,7 6 6 9 6 6 ,32.0,40,2,2,1,
17,4,21,57,108,124H,10 9 9 6 8 6 ,44.0,48,0,4,1,
18,4,64,96,104g,106g,6 6 9 10 10 9 ,46.0,50,2,2,0,
19,4,0,45,59,119H,8 10 9 8 7 8 ,50.0,50,0,4,1,
20,4,16g,61g,73,88,7 9 9 6 9 8 ,46.0,48,2,2,0,
21,4,7g,44g,85g,123gH,7 7 7 10 8 8 ,47.0,47,4,0,1,
22,4,87g,91g,109,114H,9 8 8 9 10 9 ,53.0,53,2,2,1,
23,4,63,71g,94,99g,7 7 10 6 10 8 ,46.0,48,2,2,0,
24,4,34g,55,66g,107,10 6 9 6 8 10 ,45.0,49,2,2,0,
25,4,4g,6,15g,79,7 10 10 9 10 10 ,56.0,56,2,2,0,
26,4,12,19,83,95,8 7 9 6 8 9 ,45.0,47,0,4,0,
27,4,25g,30g,39,103,9 10 10 9 10 6 ,52.0,54,2,2,0,
28,4,53g,56,84g,122H,10 9 7 8 7 6 ,45.0,47,2,2,1,
29,4,38g,40,101g,112,6 9 7 6 7 7 ,38.0,42,2,2,0,
30,4,70,81g,92,117gH,9 10 10 10 9 10 ,58.0,58,2,2,1,
31,4,17g,24g,33,80,9 10 9 9 10 9 ,56.0,56,2,2,0,
Total Value = 1495.0
Minimum Compatibility = 6
Total Compatibility = 1555
24/10/25 20:44:56
-----
data.txt
0,4,17g,61g,88,97,7 9 9 9 6 9 ,47.0,49,2,2,0,
1,4,36,68g,70,113gH,7 7 10 10 10 7 ,51.0,51,2,2,1,
2,4,34g,96,106g,126H,8 6 7 10 8 7 ,44.0,46,2,2,1,
3,4,86,89g,102,125gH,10 8 7 8 7 8 ,48.0,48,2,2,1,
4,4,8,37g,38g,92,10 7 10 10 9 7 ,53.0,53,2,2,0,
5,4,11,13g,101g,120H,10 7 7 9 9 8 ,50.0,50,2,2,1,
6,4,50,65,82,116H,6 10 10 10 7 6 ,45.0,49,0,4,1,
7,4,42,77g,109,115gH,7 6 6 6 6 6 ,27.0,37,2,2,1,
8,4,12,63,69g,99g,9 10 6 10 10 10 ,53.0,55,2,2,0,
9,4,80,83,91g,104g,7 8 10 9 7 10 ,51.0,51,2,2,0,
10,4,66g,73,103,121gH,7 7 7 7 7 7 ,42.0,42,2,2,1,
11,4,2,29g,35g,74,7 7 6 6 10 8 ,40.0,44,2,2,0,
12,4,23g,47g,79,114H,8 7 6 8 8 9 ,44.0,46,2,2,1,
13,4,56,78g,110,117gH,6 7 10 10 10 9 ,50.0,52,2,2,1,
14,4,16g,19,31g,105,6 10 10 8 6 10 ,46.0,50,2,2,0,
15,4,25g,30g,39,94,9 10 10 9 6 10 ,52.0,54,2,2,0,
16,4,58,87g,100,127gH,6 6 6 6 6 6 ,24.0,36,2,2,1,
17,4,4g,15g,18,76,10 7 8 9 6 6 ,42.0,46,2,2,0,
18,4,6,14,28,64,7 10 6 6 6 6 ,33.0,41,0,4,0,
19,4,20g,27g,43g,67g,6 10 7 6 6 9 ,38.0,44,4,0,0,
20,4,10g,53g,84g,118gH,10 10 6 9 7 7 ,47.0,49,4,0,1,
21,4,5g,45,59,111g,7 10 8 8 9 7 ,49.0,49,2,2,0,
22,4,46,51g,60g,122H,9 9 9 9 10 9 ,55.0,55,2,2,1,
23,4,3g,54,72g,107,10 10 9 10 6 7 ,50.0,52,2,2,0,
24,4,9g,40,49,90g,9 10 9 9 7 9 ,53.0,53,2,2,0,
25,4,32,41g,62g,95,10 10 10 9 9 10 ,58.0,58,2,2,0,
26,4,7g,26g,48,112,6 7 7 10 10 6 ,42.0,46,2,2,0,
27,4,33,55,81g,98g,10 9 6 9 10 9 ,51.0,53,2,2,0,
28,4,21,57,108,124H,10 9 9 6 8 6 ,44.0,48,0,4,1,
29,4,22,71g,75g,93,6 6 8 8 7 7 ,38.0,42,2,2,0,
30,4,0,24g,44g,119H,8 7 9 8 9 10 ,51.0,51,2,2,1,
31,4,1,52,85g,123gH,8 8 8 7 8 8 ,47.0,47,2,2,1,
Total Value = 1465.0
Minimum Compatibility = 6
Total Compatibility = 1547
24/10/25 20:49:56
-----
data.txt
0,4,76,85g,86,123gH,8 8 9 8 8 10 ,51.0,51,2,2,1,
1,4,66g,105,107,111g,7 10 8 8 9 6 ,46.0,48,2,2,0,
2,4,22,58,60g,115gH,10 9 7 10 10 9 ,55.0,55,2,2,1,
3,4,20g,50,91g,124H,8 7 6 9 9 8 ,45.0,47,2,2,1,
4,4,40,51g,100,113gH,6 6 10 8 9 7 ,42.0,46,2,2,1,
5,4,47g,61g,88,95,9 6 9 9 7 10 ,48.0,50,2,2,0,
6,4,7g,53g,56,119H,8 6 7 10 8 6 ,41.0,45,2,2,1,
7,4,28,37g,43g,109,10 7 10 6 10 8 ,49.0,51,2,2,0,
8,4,32,41g,73,90g,10 9 10 10 10 6 ,53.0,55,2,2,0,
9,4,2,29g,35g,36,7 7 6 6 8 7 ,37.0,41,2,2,0,
10,4,68g,77g,78g,117gH,7 10 10 7 6 10 ,48.0,50,4,0,1,
11,4,16g,33,81g,108,10 9 9 9 9 6 ,50.0,52,2,2,0,
12,4,19,55,98g,121gH,6 6 7 10 7 6 ,36.0,42,2,2,1,
13,4,13g,54,67g,120H,9 10 9 10 7 10 ,55.0,55,2,2,1,
14,4,65,71g,74,127gH,8 9 8 8 7 6 ,44.0,46,2,2,1,
15,4,0,18,27g,118gH,6 6 7 6 8 6 ,31.0,39,2,2,1,
16,4,45,101g,106g,114H,10 6 10 10 8 7 ,49.0,51,2,2,1,
17,4,44g,59,102,125gH,7 8 9 6 6 8 ,40.0,44,2,2,1,
18,4,46,57,110,122H,6 10 9 9 6 9 ,45.0,49,0,4,1,
19,4,25g,39,75g,94,10 8 10 7 10 6 ,49.0,51,2,2,0,
20,4,14,17g,23g,103,6 7 6 6 6 6 ,27.0,37,2,2,0,
21,4,12,63,69g,99g,9 10 6 10 10 10 ,53.0,55,2,2,0,
22,4,38g,80,82,104g,6 7 7 6 10 9 ,41.0,45,2,2,0,
23,4,4g,15g,42,79,10 6 10 7 10 7 ,48.0,50,2,2,0,
24,4,9g,21,49,72g,6 10 6 6 7 7 ,36.0,42,2,2,0,
25,4,1,10g,52,84g,10 8 8 9 10 8 ,53.0,53,2,2,0,
26,4,8,11,70,92,8 7 10 8 10 10 ,53.0,53,0,4,0,
27,4,3g,5g,30g,89g,9 7 7 8 7 8 ,46.0,46,4,0,0,
28,4,6,64,93,116H,6 9 6 6 6 9 ,34.0,42,0,4,1,
29,4,31g,34g,96,126H,8 9 10 8 7 8 ,50.0,50,2,2,1,
30,4,26g,48,62g,112,10 10 10 7 6 7 ,48.0,50,2,2,0,
31,4,24g,83,87g,97,9 7 10 6 10 9 ,49.0,51,2,2,0,
Total Value = 1452.0
Minimum Compatibility = 6
Total Compatibility = 1542
24/10/25 20:54:57
-----
data.txt
0,4,17g,24g,108,116H,9 9 6 9 8 7 ,46.0,48,2,2,1,
1,4,34g,66g,73,107,6 7 9 7 10 7 ,44.0,46,2,2,0,
2,4,11,13g,20g,56,10 8 8 8 10 7 ,51.0,51,2,2,0,
3,4,8,14,38g,101g,6 7 9 7 6 9 ,40.0,44,2,2,0,
4,4,28,70,72g,106g,10 9 7 6 7 7 ,44.0,46,2,2,0,
5,4,44g,54,57,85g,7 9 10 8 7 10 ,51.0,51,2,2,0,
6,4,31g,43g,49,100,10 8 6 7 7 9 ,45.0,47,2,2,0,
7,4,1,53g,92,118gH,8 7 10 6 7 9 ,45.0,47,2,2,1,
8,4,2,29g,35g,74,7 7 6 6 10 8 ,40.0,44,2,2,0,
9,4,21,22,48,112,6 7 6 9 8 6 ,36.0,42,0,4,0,
10,4,23g,47g,50,124H,8 8 7 8 7 9 ,47.0,47,2,2,1,
11,4,36,40,61g,113gH,8 7 10 10 10 10 ,55.0,55,2,2,1,
12,4,32,41g,96,104g,10 10 7 9 9 10 ,55.0,55,2,2,0,
13,4,3g,45,111g,119H,9 10 8 9 7 9 ,52.0,52,2,2,1,
14,4,67g,84g,91g,123gH,7 7 8 10 10 7 ,49.0,49,4,0,1,
15,4,4g,15g,18,82,10 7 7 9 9 10 ,52.0,52,2,2,0,
16,4,64,65,71g,87g,6 7 10 8 10 7 ,46.0,48,2,2,0,
17,4,16g,63,105,127gH,6 10 8 7 7 7 ,43.0,45,2,2,1,
18,4,33,37g,55,81g,6 10 9 10 7 9 ,49.0,51,2,2,0,
19,4,68g,77g,78g,117gH,7 10 10 7 6 10 ,48.0,50,4,0,1,
20,4,9g,26g,95,126H,9 9 8 8 7 8 ,49.0,49,2,2,1,
21,4,25g,75g,97,109,8 7 10 9 7 7 ,48.0,48,2,2,0,
22,4,7g,10g,52,120H,8 8 7 9 10 7 ,49.0,49,2,2,1,
23,4,46,58,60g,115gH,8 9 7 10 10 9 ,53.0,53,2,2,1,
24,4,27g,51g,110,122H,7 8 6 9 10 9 ,47.0,49,2,2,1,
25,4,42,93,94,103,7 6 6 7 6 7 ,33.0,39,0,4,0,
26,4,6,12,69g,99g,6 6 8 10 6 10 ,40.0,46,2,2,0,
27,4,5g,30g,39,59,8 7 10 9 7 8 ,49.0,49,2,2,0,
28,4,62g,90g,98g,121gH,10 10 7 6 7 6 ,42.0,46,4,0,1,
29,4,86,89g,102,125gH,10 8 7 8 7 8 ,48.0,48,2,2,1,
30,4,76,79,80,114H,6 6 6 7 9 8 ,36.0,42,0,4,1,
31,4,0,19,83,88,7 7 8 6 8 9 ,43.0,45,0,4,0,
Total Value = 1475.0
Minimum Compatibility = 6
Total Compatibility = 1533
24/10/25 20:59:58
-----
